profile_name,date,stock_id,target_weight,executed_weight,pred_return,target_return,selection_score,risk_penalty,volatility_20d,volatility_5d,turnover_rate,turnover_ratio_10d,amplitude_ratio_5d
lstm_sl10_base_alpha_v3_rs_crowding_mini4__risk_adjusted_sort__pred_weight__cs40_v2086_v596_rp10_mt80,2025-11-26,300316,0.2129198229573612,0.17033585836588896,0.57761747,-0.0069156293222682,0.9028125,0.971875,0.0294358002795382,0.0289628358516815,2.3847,0.4840006471928011,0.9543023821098692
lstm_sl10_base_alpha_v3_rs_crowding_mini4__risk_adjusted_sort__pred_weight__cs40_v2086_v596_rp10_mt80,2025-11-26,002493,0.19876476177493485,0.15901180941994789,0.53921705,0.0220820189274446,0.8771875,0.603125,0.0240457836559391,0.020597840482016,0.2993,-0.3224827960883738,-0.5608308605341246
lstm_sl10_base_alpha_v3_rs_crowding_mini4__risk_adjusted_sort__pred_weight__cs40_v2086_v596_rp10_mt80,2025-11-26,601111,0.1967055730855838,0.15736445846846706,0.5336308,0.0271604938271603,0.795625,0.7937500000000002,0.026832142505145,0.0118706545484147,0.7588,0.4139833035181872,-0.0059347181008901
lstm_sl10_base_alpha_v3_rs_crowding_mini4__risk_adjusted_sort__pred_weight__cs40_v2086_v596_rp10_mt80,2025-11-26,601186,0.1959684305335087,0.15677474442680697,0.53163105,0.0077619663648124,0.79375,0.1875,0.0059976078515267,0.0088082456514625,0.1496,-0.5016489556614144,-0.2524271844660195
lstm_sl10_base_alpha_v3_rs_crowding_mini4__risk_adjusted_sort__pred_weight__cs40_v2086_v596_rp10_mt80,2025-11-26,600309,0.19564141164861137,0.1565131293188891,0.5307439,0.0599369085173501,0.69625,0.5375,0.0215105354121425,0.0155675438277827,0.5387,-0.3930756317669194,-0.2844974446337308
lstm_sl10_base_alpha_v3_rs_crowding_mini4__risk_adjusted_sort__pred_weight__cs40_v2086_v596_rp10_mt80,2025-11-27,300316,0.20880476770200998,0.1972231067552869,0.5703179,-0.0022592487997739,0.9134375,0.8656250000000001,0.028953787090084,0.0300242462433742,1.7747,0.091377582082393,0.0041551246537396
lstm_sl10_base_alpha_v3_rs_crowding_mini4__risk_adjusted_sort__pred_weight__cs40_v2086_v596_rp10_mt80,2025-11-27,001979,0.20147757229661048,0.14081962875264825,0.5503048,-0.0084388185654008,0.869375,0.68125,0.0143522506353937,0.0147823799836586,0.9644,0.4658985544695924,0.6047874938935027
lstm_sl10_base_alpha_v3_rs_crowding_mini4__risk_adjusted_sort__pred_weight__cs40_v2086_v596_rp10_mt80,2025-11-27,601111,0.19709083275156872,0.18513059250744288,0.5383231,0.0409429280397022,0.8128124999999999,0.6218750000000001,0.026831419582463,0.0133747167588397,0.5729,0.0497095846235593,-0.2929613189600507
lstm_sl10_base_alpha_v3_rs_crowding_mini4__risk_adjusted_sort__pred_weight__cs40_v2086_v596_rp10_mt80,2025-11-27,600029,0.1968445804653326,0.1375814708661013,0.5376505,0.0620384047267356,0.761875,0.50625,0.0175662337324112,0.0132948626010749,0.3817,-0.1329729238597127,-0.1671884783969943
lstm_sl10_base_alpha_v3_rs_crowding_mini4__risk_adjusted_sort__pred_weight__cs40_v2086_v596_rp10_mt80,2025-11-27,601012,0.1957822467844782,0.13683896919286734,0.5347489,-0.0335316387236342,0.6740625,0.759375,0.0300603859274929,0.0280526656509643,2.0724,-0.2629003115708005,-0.1064871481028151
lstm_sl10_base_alpha_v3_rs_crowding_mini4__risk_adjusted_sort__pred_weight__cs40_v2086_v596_rp10_mt80,2025-11-28,688012,0.2126581026381307,0.10839356132709435,0.5667106,0.0186757215619694,0.9126666666666666,0.8733333333333334,0.028777639245925,0.0126898117843831,1.8046,0.0219151707344698,0.0398344542162441
lstm_sl10_base_alpha_v3_rs_crowding_mini4__risk_adjusted_sort__pred_weight__cs40_v2086_v596_rp10_mt80,2025-11-28,002938,0.19706446121786533,0.10044535570204716,0.52515525,0.0755762411347517,0.8673333333333333,0.66,0.0218382841950473,0.0245121283718736,0.7408,-0.2988832102971795,-0.4553706505295009
lstm_sl10_base_alpha_v3_rs_crowding_mini4__risk_adjusted_sort__pred_weight__cs40_v2086_v596_rp10_mt80,2025-11-28,000651,0.19701239529260994,0.1004188172772601,0.5250165,0.0128649183572488,0.85,0.16666666666666669,0.0067531827199083,0.0036819990353505,0.3706,-0.3848554260863792,-0.2959183673469389
lstm_sl10_base_alpha_v3_rs_crowding_mini4__risk_adjusted_sort__pred_weight__cs40_v2086_v596_rp10_mt80,2025-11-28,601111,0.19666480129935535,0.19100967236631444,0.5240902,0.0411985018726592,0.7356666666666667,0.6433333333333334,0.0195792261360494,0.0132127577384835,0.4778,-0.1457942254402431,-0.3737373737373737
lstm_sl10_base_alpha_v3_rs_crowding_mini4__risk_adjusted_sort__pred_weight__cs40_v2086_v596_rp10_mt80,2025-11-28,601059,0.19660023955203865,0.10020873815030602,0.52391815,0.0,0.6883333333333332,0.44999999999999996,0.010804438405129,0.0,2.6044,0.0345512469115203,0.0
lstm_sl10_base_alpha_v3_rs_crowding_mini4__risk_adjusted_sort__pred_weight__cs40_v2086_v596_rp10_mt80,2025-12-01,688012,0.20619259267654858,0.18840419894822066,0.56323355,0.0421374045801527,0.9344736842105263,0.6552631578947369,0.029153589819269,0.0132361958218027,2.0721,0.1461681002295545,-0.2040481400437633
lstm_sl10_base_alpha_v3_rs_crowding_mini4__risk_adjusted_sort__pred_weight__cs40_v2086_v596_rp10_mt80,2025-12-01,601111,0.2009966621487113,0.19918015636170328,0.5490404,-0.0107398568019093,0.8684210526315789,0.7894736842105264,0.0217458666477977,0.030498813145131,0.9414,0.5411816708413144,0.7190949227373069
lstm_sl10_base_alpha_v3_rs_crowding_mini4__risk_adjusted_sort__pred_weight__cs40_v2086_v596_rp10_mt80,2025-12-01,300316,0.1980240926671548,0.1795939693342331,0.54092056,-0.0091973244147157,0.8276315789473684,0.6710526315789475,0.0296225765910283,0.0245116499480638,1.3221,-0.1971556440790153,-0.3006430868167201
lstm_sl10_base_alpha_v3_rs_crowding_mini4__risk_adjusted_sort__pred_weight__cs40_v2086_v596_rp10_mt80,2025-12-01,600515,0.19743297532787535,0.1615224407179935,0.53930587,-0.0359281437125748,0.7889473684210526,0.531578947368421,0.0236269605165606,0.0133584034000724,1.4202,-0.245429380542258,-0.1482067510548523
lstm_sl10_base_alpha_v3_rs_crowding_mini4__risk_adjusted_sort__pred_weight__cs40_v2086_v596_rp10_mt80,2025-12-01,601059,0.1973536771797099,0.1796842544837448,0.53908926,0.0,0.7559210526315789,0.3355263157894737,0.0106145219763618,0.0,2.6044,0.015942860040647,0.0
lstm_sl10_base_alpha_v3_rs_crowding_mini4__risk_adjusted_sort__pred_weight__cs40_v2086_v596_rp10_mt80,2025-12-02,688012,0.2053281231160509,0.2034599745957982,0.56285566,0.0455540618398312,0.9343181818181818,0.6568181818181817,0.0259647311905357,0.0132359603576725,1.2755,-0.2432153409832563,-0.1122787610619465
lstm_sl10_base_alpha_v3_rs_crowding_mini4__risk_adjusted_sort__pred_weight__cs40_v2086_v596_rp10_mt80,2025-12-02,300316,0.1999728795229936,0.19772335213584882,0.5481756,0.0105849582172701,0.8884090909090909,0.6613636363636364,0.0290090702443166,0.0258857200480344,0.8756,-0.424057252234771,-0.5051261829652995
lstm_sl10_base_alpha_v3_rs_crowding_mini4__risk_adjusted_sort__pred_weight__cs40_v2086_v596_rp10_mt80,2025-12-02,601059,0.19969948597021653,0.1974901032813575,0.54742616,0.0,0.867840909090909,0.4125000000000001,0.0104941288324452,0.0,2.6044,0.0,0.0
lstm_sl10_base_alpha_v3_rs_crowding_mini4__risk_adjusted_sort__pred_weight__cs40_v2086_v596_rp10_mt80,2025-12-02,002916,0.1985139464054373,0.17660097093064897,0.5441763,-0.0014171474845631,0.8004545454545454,0.6318181818181818,0.0266273195004264,0.0206846977598851,0.7596,-0.3437921144476311,-0.5478723404255319
lstm_sl10_base_alpha_v3_rs_crowding_mini4__risk_adjusted_sort__pred_weight__cs40_v2086_v596_rp10_mt80,2025-12-02,300408,0.19648556498530168,0.17479649253152413,0.538616,0.0585030791094267,0.7525000000000001,0.6568181818181817,0.0276138725602519,0.0112963808131074,0.7899,-0.285203652257323,-0.0700636942675161
lstm_sl10_base_alpha_v3_rs_crowding_mini4__risk_adjusted_sort__pred_weight__cs40_v2086_v596_rp10_mt80,2025-12-03,688012,0.20571082852414657,0.20559271427959824,0.5620623,0.0627197897747035,0.935,0.6499999999999999,0.0259061414287168,0.0123175605056943,1.5217,-0.0999639204831105,-0.0308839190628326
lstm_sl10_base_alpha_v3_rs_crowding_mini4__risk_adjusted_sort__pred_weight__cs40_v2086_v596_rp10_mt80,2025-12-03,601059,0.20155078451481423,0.20133769903192228,0.55069584,0.0,0.9096590909090909,0.44886363636363646,0.0105072727865206,0.0,2.6044,0.0,0.0
lstm_sl10_base_alpha_v3_rs_crowding_mini4__risk_adjusted_sort__pred_weight__cs40_v2086_v596_rp10_mt80,2025-12-03,002916,0.1985008409840465,0.19735163864155522,0.5423625,0.080857659519504,0.8347727272727272,0.7431818181818182,0.0262560282816432,0.0163669626373741,0.9356,-0.2020469083155649,0.0263446761800221
lstm_sl10_base_alpha_v3_rs_crowding_mini4__risk_adjusted_sort__pred_weight__cs40_v2086_v596_rp10_mt80,2025-12-03,000333,0.19756974398805466,0.18720221157608713,0.53981847,-0.0261780104712041,0.8072727272727273,0.5636363636363637,0.0102672412723262,0.008154199428619,0.5315,0.1413662035346918,0.1705882352941177
lstm_sl10_base_alpha_v3_rs_crowding_mini4__risk_adjusted_sort__pred_weight__cs40_v2086_v596_rp10_mt80,2025-12-03,601995,0.19666780198893807,0.1863475992577243,0.5373541,0.0,0.7848863636363637,0.3329545454545455,0.0063532698052153,1.0157195133282304e-09,0.5192,0.0,0.0
lstm_sl10_base_alpha_v3_rs_crowding_mini4__risk_adjusted_sort__pred_weight__cs40_v2086_v596_rp10_mt80,2025-12-04,601059,0.2032425026177873,0.20313502919451776,0.55133814,0.0,0.9514473684210526,0.4855263157894737,0.0104099084491759,0.0,2.6044,0.0,0.0
lstm_sl10_base_alpha_v3_rs_crowding_mini4__risk_adjusted_sort__pred_weight__cs40_v2086_v596_rp10_mt80,2025-12-04,601111,0.201577916797059,0.19026952176271605,0.5468226,-0.0131894484412469,0.884736842105263,0.6263157894736843,0.0215915509120631,0.026291682354233,0.2571,-0.5466408040909891,-0.3985215053763441
lstm_sl10_base_alpha_v3_rs_crowding_mini4__risk_adjusted_sort__pred_weight__cs40_v2086_v596_rp10_mt80,2025-12-04,601995,0.19985856656952053,0.19909624654899077,0.5421585,0.0,0.8596052631578948,0.35131578947368425,0.0060926675373295,1.0157195133282304e-09,0.5192,0.0,0.0
lstm_sl10_base_alpha_v3_rs_crowding_mini4__risk_adjusted_sort__pred_weight__cs40_v2086_v596_rp10_mt80,2025-12-04,002493,0.1981260192111003,0.18694868631728975,0.5374586,-0.016649323621228,0.7834210526315789,0.5868421052631579,0.0206799417480099,0.0104805010055879,0.2016,-0.4475501479776389,-0.0506329113924051
lstm_sl10_base_alpha_v3_rs_crowding_mini4__risk_adjusted_sort__pred_weight__cs40_v2086_v596_rp10_mt80,2025-12-04,000333,0.19719499480453284,0.19663117886596512,0.534933,-0.0216143607278056,0.7315789473684211,0.5789473684210527,0.0101202883000662,0.0088803259176589,0.4169,-0.1121853571276459,0.0664993726474276
lstm_sl10_base_alpha_v3_rs_crowding_mini4__risk_adjusted_sort__pred_weight__cs40_v2086_v596_rp10_mt80,2025-12-05,601059,0.20325730704070855,0.20321840526480187,0.55440646,0.0,0.9564655172413793,0.43534482758620696,0.0102664619468437,0.0,2.6044,0.0,0.0
lstm_sl10_base_alpha_v3_rs_crowding_mini4__risk_adjusted_sort__pred_weight__cs40_v2086_v596_rp10_mt80,2025-12-05,601995,0.2009004956355548,0.20032648737623482,0.547978,0.0,0.9031896551724138,0.278448275862069,0.0060089212234624,1.0157195133282304e-09,0.5192,0.0,0.0
lstm_sl10_base_alpha_v3_rs_crowding_mini4__risk_adjusted_sort__pred_weight__cs40_v2086_v596_rp10_mt80,2025-12-05,002916,0.2015168963000195,0.14094834113555493,0.5496593,0.015684011749895,0.8725862068965518,0.9293103448275863,0.0252869384143066,0.014422891608417,2.0262,0.637253951323572,0.7002518891687657
lstm_sl10_base_alpha_v3_rs_crowding_mini4__risk_adjusted_sort__pred_weight__cs40_v2086_v596_rp10_mt80,2025-12-05,601816,0.19741207042504988,0.13460690690451332,0.53846294,-0.0228571428571429,0.8608620689655173,0.3568965517241379,0.0066415173333929,0.0041379404958356,0.3037,0.3323681670615077,0.1148086522462563
lstm_sl10_base_alpha_v3_rs_crowding_mini4__risk_adjusted_sort__pred_weight__cs40_v2086_v596_rp10_mt80,2025-12-05,000596,0.1969132305986672,0.13426676921219502,0.5371023,-0.0479548660084625,0.7939655172413792,0.6810344827586208,0.0225855669782555,0.0226508353011559,0.4127,-0.3734248322351441,-0.0493757094211123
lstm_sl10_base_alpha_v3_rs_crowding_mini4__risk_adjusted_sort__pred_weight__cs40_v2086_v596_rp10_mt80,2025-12-08,601059,0.20440648869062866,0.20440648869062866,0.5568176,0.0,0.9707258064516129,0.29274193548387095,0.0101941291656381,0.0,2.6044,0.0,0.0
lstm_sl10_base_alpha_v3_rs_crowding_mini4__risk_adjusted_sort__pred_weight__cs40_v2086_v596_rp10_mt80,2025-12-08,601995,0.2028579418925962,0.2028579418925962,0.55259925,0.0,0.9466935483870969,0.21048387096774196,0.0058610715144141,1.0157195133282304e-09,0.5192,0.0,0.0
lstm_sl10_base_alpha_v3_rs_crowding_mini4__risk_adjusted_sort__pred_weight__cs40_v2086_v596_rp10_mt80,2025-12-08,601816,0.1985443964789628,0.1985443964789628,0.54084885,-0.0153256704980842,0.9109677419354838,0.24516129032258066,0.0058413965750892,0.0073559335464627,0.2033,-0.0920053595355068,0.0518053375196232
lstm_sl10_base_alpha_v3_rs_crowding_mini4__risk_adjusted_sort__pred_weight__cs40_v2086_v596_rp10_mt80,2025-12-08,000333,0.19678940858966446,0.19678940858966446,0.53606814,-0.0222085889570552,0.8314516129032258,0.3951612903225806,0.0094210757185541,0.0098593859990896,0.394,-0.0794607602626106,0.3422459893048128
lstm_sl10_base_alpha_v3_rs_crowding_mini4__risk_adjusted_sort__pred_weight__cs40_v2086_v596_rp10_mt80,2025-12-08,002916,0.1974017643481477,0.1974017643481477,0.53773624,-0.0318803852002027,0.812741935483871,0.9048387096774194,0.0266997124714185,0.0226470647415249,1.5746,0.2364058954245287,0.2097162097162099
lstm_sl10_base_alpha_v3_rs_crowding_mini4__risk_adjusted_sort__pred_weight__cs40_v2086_v596_rp10_mt80,2025-12-09,601059,0.20299620209279343,0.20345829912036173,0.55506814,0.0,0.9733088235294117,0.26691176470588235,0.0087875123392832,0.0,2.6044,0.0,0.0
lstm_sl10_base_alpha_v3_rs_crowding_mini4__risk_adjusted_sort__pred_weight__cs40_v2086_v596_rp10_mt80,2025-12-09,601995,0.20206513076359042,0.20232490467528963,0.55252224,0.0,0.9513970588235294,0.19191176470588234,0.0048295477910348,1.0157195133282304e-09,0.5192,0.0,0.0
lstm_sl10_base_alpha_v3_rs_crowding_mini4__risk_adjusted_sort__pred_weight__cs40_v2086_v596_rp10_mt80,2025-12-09,600795,0.1983328765382339,0.13334677168687512,0.54231685,0.0173611111111111,0.8716176470588235,0.40147058823529413,0.0114453693467324,0.0047163265541787,0.6156,-0.1053885950124977,0.2041284403669727
lstm_sl10_base_alpha_v3_rs_crowding_mini4__risk_adjusted_sort__pred_weight__cs40_v2086_v596_rp10_mt80,2025-12-09,000596,0.20023122122770073,0.13462310136205394,0.54750764,-0.0246483590087072,0.8551470588235294,0.8602941176470589,0.0170453582532621,0.0209264543060282,0.8514,0.3780043699927167,0.1304807184363445
lstm_sl10_base_alpha_v3_rs_crowding_mini4__risk_adjusted_sort__pred_weight__cs40_v2086_v596_rp10_mt80,2025-12-09,601066,0.1963745693776817,0.1320301269510711,0.5369621,0.0258487654320987,0.8152941176470588,0.3764705882352941,0.007980796743857,0.0019327637444801,0.3785,0.3742647592767409,0.1720807726075501
lstm_sl10_base_alpha_v3_rs_crowding_mini4__risk_adjusted_sort__pred_weight__cs40_v2086_v596_rp10_mt80,2025-12-10,601059,0.20344151162944077,0.20344372939045532,0.553997,0.0,0.9741911764705883,0.2580882352941177,0.0064128438967843,0.0,2.6044,0.0,0.0
lstm_sl10_base_alpha_v3_rs_crowding_mini4__risk_adjusted_sort__pred_weight__cs40_v2086_v596_rp10_mt80,2025-12-10,601995,0.20289333293731798,0.20281823904478596,0.55250424,0.0,0.9463970588235294,0.24191176470588233,0.004600933856971,1.0157195133282304e-09,0.5192,0.0,0.0
lstm_sl10_base_alpha_v3_rs_crowding_mini4__risk_adjusted_sort__pred_weight__cs40_v2086_v596_rp10_mt80,2025-12-10,600795,0.20245778947687867,0.19332767458044264,0.5513182,0.0034364261168385,0.8852941176470588,0.5588235294117647,0.0116784367890736,0.0072363340008157,0.7344,0.0332020258863252,0.3163596966413871
lstm_sl10_base_alpha_v3_rs_crowding_mini4__risk_adjusted_sort__pred_weight__cs40_v2086_v596_rp10_mt80,2025-12-10,601825,0.19591318015235604,0.17003149150537006,0.5334964,-0.0128205128205128,0.8466176470588235,0.6514705882352941,0.0127242011841598,0.0111726670790649,0.2853,0.0468572267273328,0.083398285268901
lstm_sl10_base_alpha_v3_rs_crowding_mini4__risk_adjusted_sort__pred_weight__cs40_v2086_v596_rp10_mt80,2025-12-10,600803,0.19529418580400656,0.1694942712315661,0.5318108,0.0373099953938276,0.8201470588235293,0.6220588235294118,0.013237671604669,0.0103293590332921,0.3279,0.0063838929470259,0.1128775834658188
lstm_sl10_base_alpha_v3_rs_crowding_mini4__risk_adjusted_sort__pred_weight__cs40_v2086_v596_rp10_mt80,2025-12-11,600795,0.20281563986234533,0.20281563986234533,0.5558571,0.0171526586620925,0.9639705882352941,0.3602941176470589,0.0115148256309096,0.0066717419106134,0.7421,0.0945266294007463,-0.0841320553780615
lstm_sl10_base_alpha_v3_rs_crowding_mini4__risk_adjusted_sort__pred_weight__cs40_v2086_v596_rp10_mt80,2025-12-11,601059,0.20094471365533967,0.20094471365533967,0.55072945,0.0680157391793141,0.950514705882353,0.20073529411764704,0.0054699754250717,0.0,2.6044,0.0,0.0
lstm_sl10_base_alpha_v3_rs_crowding_mini4__risk_adjusted_sort__pred_weight__cs40_v2086_v596_rp10_mt80,2025-12-11,601995,0.20065146390119648,0.20065146390119648,0.54992574,0.1000286615075953,0.9215441176470588,0.1963235294117647,0.0036227788118412,1.0157195133282304e-09,0.5192,0.0,0.0
lstm_sl10_base_alpha_v3_rs_crowding_mini4__risk_adjusted_sort__pred_weight__cs40_v2086_v596_rp10_mt80,2025-12-11,601066,0.19875678829889007,0.19875678829889007,0.544733,0.0344958301743746,0.8807352941176471,0.31029411764705883,0.008188160303385,0.0027863547142278,0.5136,0.5439651285134524,-0.1136363636363638
lstm_sl10_base_alpha_v3_rs_crowding_mini4__risk_adjusted_sort__pred_weight__cs40_v2086_v596_rp10_mt80,2025-12-11,601825,0.19683139428222857,0.19683139428222857,0.53945607,-0.0211640211640211,0.8366176470588235,0.4573529411764706,0.0127101320560479,0.0111429177549996,0.3247,0.1773023930384336,-0.1969936708860759
lstm_sl10_base_alpha_v3_rs_crowding_mini4__risk_adjusted_sort__pred_weight__cs40_v2086_v596_rp10_mt80,2025-12-12,601059,0.20144751826717958,0.20144751826717958,0.55150527,0.0061832490163013,0.9869166666666667,0.13083333333333333,0.0028055787376214,0.0,2.6044,0.0,0.0
lstm_sl10_base_alpha_v3_rs_crowding_mini4__risk_adjusted_sort__pred_weight__cs40_v2086_v596_rp10_mt80,2025-12-12,601995,0.20132914569524596,0.20132914569524596,0.5511812,0.0226425910002866,0.9540833333333334,0.12583333333333332,0.002124063134823,1.0157195133282304e-09,0.5192,0.0,0.0
lstm_sl10_base_alpha_v3_rs_crowding_mini4__risk_adjusted_sort__pred_weight__cs40_v2086_v596_rp10_mt80,2025-12-12,601066,0.20061914768818756,0.20061914768818756,0.54923743,0.0132525558500567,0.9051666666666667,0.2816666666666667,0.0074327222281606,0.0028040028834658,0.4246,0.1933335206992497,0.0748560460652589
lstm_sl10_base_alpha_v3_rs_crowding_mini4__risk_adjusted_sort__pred_weight__cs40_v2086_v596_rp10_mt80,2025-12-12,600795,0.20025172772835692,0.20025172772835692,0.54823154,0.0152542372881356,0.8696666666666667,0.3033333333333333,0.0109289288766536,0.0069855164424056,0.7589,0.1297525828445529,-0.0444893832153687
lstm_sl10_base_alpha_v3_rs_crowding_mini4__risk_adjusted_sort__pred_weight__cs40_v2086_v596_rp10_mt80,2025-12-12,300274,0.19635246062103007,0.19635246062103007,0.53755647,-0.0498892644830399,0.7868333333333334,0.7983333333333333,0.026127467036436,0.0240147903610904,5.1297,0.3891800108866086,-0.1435185185185188
lstm_sl10_base_alpha_v3_rs_crowding_mini4__risk_adjusted_sort__pred_weight__cs40_v2086_v596_rp10_mt80,2025-12-15,601066,0.20299737954565641,0.20299737954565641,0.5568833,0.0195562241444151,0.9714583333333333,0.2854166666666667,0.0066876694492728,0.0030320233027292,0.3546,-0.0359677024712502,-0.0466926070038915
lstm_sl10_base_alpha_v3_rs_crowding_mini4__risk_adjusted_sort__pred_weight__cs40_v2086_v596_rp10_mt80,2025-12-15,601059,0.200700148714894,0.200700148714894,0.5505813,0.0067453625632378,0.9365625000000001,0.21770833333333334,0.0016592445185882,0.0,2.6044,0.0,0.0
lstm_sl10_base_alpha_v3_rs_crowding_mini4__risk_adjusted_sort__pred_weight__cs40_v2086_v596_rp10_mt80,2025-12-15,601995,0.20067208035977357,0.20067208035977357,0.5505043,0.0246488965319576,0.8955208333333333,0.21145833333333333,0.0009775188010191,1.0157195133282304e-09,0.5192,0.0,0.0
lstm_sl10_base_alpha_v3_rs_crowding_mini4__risk_adjusted_sort__pred_weight__cs40_v2086_v596_rp10_mt80,2025-12-15,600795,0.19885412580579415,0.19885412580579415,0.5455171,0.0034129692832763,0.8372916666666667,0.3770833333333334,0.0110743974017029,0.0074573398674463,0.598,-0.062019637983499,-0.2842105263157893
lstm_sl10_base_alpha_v3_rs_crowding_mini4__risk_adjusted_sort__pred_weight__cs40_v2086_v596_rp10_mt80,2025-12-15,600346,0.19677626557388175,0.19677626557388175,0.5398169,0.0361509835194044,0.7520833333333333,0.8125,0.0193676476183571,0.0183688691594965,0.2945,0.2824979314549491,0.4261744966442951
lstm_sl10_base_alpha_v3_rs_crowding_mini4__risk_adjusted_sort__pred_weight__cs40_v2086_v596_rp10_mt80,2025-12-16,688256,0.2086436012504198,0.1382999318777189,0.57459444,0.0063695270488384,0.9185416666666667,0.8145833333333333,0.0262911980542716,0.0142350056788979,1.7676,-0.0109004633256485,0.0846891948268668
lstm_sl10_base_alpha_v3_rs_crowding_mini4__risk_adjusted_sort__pred_weight__cs40_v2086_v596_rp10_mt80,2025-12-16,601995,0.19827374689541144,0.1990823390365147,0.54603636,0.0318142734307824,0.8709375,0.24895833333333334,0.0008936611956892,1.0157195133282304e-09,0.5192,0.0,0.0
lstm_sl10_base_alpha_v3_rs_crowding_mini4__risk_adjusted_sort__pred_weight__cs40_v2086_v596_rp10_mt80,2025-12-16,601059,0.19827374689541144,0.199091802212383,0.54603636,0.0050590219224282,0.8703125,0.2552083333333333,0.0012640293824197,0.0,2.6044,0.0,0.0
lstm_sl10_base_alpha_v3_rs_crowding_mini4__risk_adjusted_sort__pred_weight__cs40_v2086_v596_rp10_mt80,2025-12-16,002028,0.19904959196654665,0.131940518876592,0.548173,0.004957127545552,0.8633333333333334,0.95,0.0257592148119327,0.0216498450015328,1.8543,0.393906591795774,0.2769230769230768
lstm_sl10_base_alpha_v3_rs_crowding_mini4__risk_adjusted_sort__pred_weight__cs40_v2086_v596_rp10_mt80,2025-12-16,601899,0.1957593129922106,0.12975954924568917,0.53911173,0.0821603927986906,0.755,0.7833333333333334,0.022237391865392,0.0225716312483231,0.7689,-0.2122894726058272,0.2886597938144331
lstm_sl10_base_alpha_v3_rs_crowding_mini4__risk_adjusted_sort__pred_weight__cs40_v2086_v596_rp10_mt80,2025-12-17,688256,0.20197737071506505,0.20197737071506505,0.55461454,0.0269230769230769,0.922037037037037,0.7796296296296297,0.0273804771963095,0.0293087920823983,1.5092,-0.175584361667841,-0.0258885476086003
lstm_sl10_base_alpha_v3_rs_crowding_mini4__risk_adjusted_sort__pred_weight__cs40_v2086_v596_rp10_mt80,2025-12-17,601066,0.20049711132771086,0.20049711132771086,0.55054986,-0.0227189446683767,0.9049999999999999,0.5796296296296296,0.0081869769098598,0.0083792777063404,0.6846,0.5127944491094711,0.4607679465776289
lstm_sl10_base_alpha_v3_rs_crowding_mini4__risk_adjusted_sort__pred_weight__cs40_v2086_v596_rp10_mt80,2025-12-17,601995,0.19977434555138746,0.19977434555138746,0.5485652,-0.0755601875977071,0.8839814814814815,0.23425925925925925,0.0,1.0157195133282304e-09,0.5192,0.0,0.0
lstm_sl10_base_alpha_v3_rs_crowding_mini4__risk_adjusted_sort__pred_weight__cs40_v2086_v596_rp10_mt80,2025-12-17,601059,0.19977434555138746,0.19977434555138746,0.5485652,-0.0642105263157894,0.883425925925926,0.23981481481481481,9.916903914244995e-10,0.0,2.6044,0.0,0.0
lstm_sl10_base_alpha_v3_rs_crowding_mini4__risk_adjusted_sort__pred_weight__cs40_v2086_v596_rp10_mt80,2025-12-17,000538,0.19797682685444895,0.19797682685444895,0.54362935,0.0008904719501335,0.8140740740740741,0.37777777777777777,0.0043824801443099,0.0021821623979242,0.3692,0.2543317252157366,0.3929618768328446
lstm_sl10_base_alpha_v3_rs_crowding_mini4__risk_adjusted_sort__pred_weight__cs40_v2086_v596_rp10_mt80,2025-12-18,601066,0.20259773105475487,0.20189397165372622,0.54630667,-0.0022421524663677,0.927962962962963,0.7203703703703703,0.0111790732405083,0.019624059077448,0.5899,0.2192046957671958,0.2321562734785871
lstm_sl10_base_alpha_v3_rs_crowding_mini4__risk_adjusted_sort__pred_weight__cs40_v2086_v596_rp10_mt80,2025-12-18,000538,0.20206012119401837,0.20069211691335645,0.544857,-0.0035273368606702,0.924074074074074,0.3888888888888889,0.0044884798935041,0.0035265049628238,0.4042,0.3103381204006872,0.640625
lstm_sl10_base_alpha_v3_rs_crowding_mini4__risk_adjusted_sort__pred_weight__cs40_v2086_v596_rp10_mt80,2025-12-18,002028,0.19941664803888015,0.1326071541680064,0.53772885,0.0321091435264935,0.8414814814814815,0.8444444444444444,0.0273643203715266,0.0259832350365106,1.1607,-0.1463997587827352,-0.1716111364673664
lstm_sl10_base_alpha_v3_rs_crowding_mini4__risk_adjusted_sort__pred_weight__cs40_v2086_v596_rp10_mt80,2025-12-18,601018,0.1978877269372835,0.13159045933222407,0.5336061,-0.0107526881720428,0.8183333333333334,0.33518518518518525,0.0098249288960494,0.0095181347361318,0.2082,-0.5068454213842437,-0.3374233128834356
lstm_sl10_base_alpha_v3_rs_crowding_mini4__risk_adjusted_sort__pred_weight__cs40_v2086_v596_rp10_mt80,2025-12-18,601899,0.1980377727750631,0.1316902361148467,0.5340107,0.037289234760052,0.8098148148148148,0.7907407407407409,0.0210919943108766,0.0234434254383038,0.6699,-0.2586649550706033,-0.0861513687600643
lstm_sl10_base_alpha_v3_rs_crowding_mini4__risk_adjusted_sort__pred_weight__cs40_v2086_v596_rp10_mt80,2025-12-19,000630,0.20328581822227001,0.15189055841585264,0.5454459,0.0254545454545455,0.9228571428571428,0.7714285714285715,0.0254304853163219,0.0243032873829771,1.5503,-0.3216771895742271,-0.1365131578947368
lstm_sl10_base_alpha_v3_rs_crowding_mini4__risk_adjusted_sort__pred_weight__cs40_v2086_v596_rp10_mt80,2025-12-19,000538,0.2003544739476933,0.20043983773791643,0.53758067,0.0040686361224128,0.9075,0.21071428571428572,0.0041993974729165,0.0041425755455519,0.2789,-0.0994801588582869,-0.3830334190231362
lstm_sl10_base_alpha_v3_rs_crowding_mini4__risk_adjusted_sort__pred_weight__cs40_v2086_v596_rp10_mt80,2025-12-19,002028,0.2008587622280162,0.18360320963155036,0.53893375,0.0491502379333786,0.8873214285714286,0.7696428571428572,0.0256031321101866,0.0281660244471698,1.0757,-0.1750387287758639,-0.4213649851632047
lstm_sl10_base_alpha_v3_rs_crowding_mini4__risk_adjusted_sort__pred_weight__cs40_v2086_v596_rp10_mt80,2025-12-19,000725,0.19815604121281696,0.1480577052373653,0.53168195,-0.0073349633251834,0.8526785714285715,0.40178571428571436,0.0163835461565122,0.0081563433440076,1.1736,-0.397777070782746,-0.4085365853658539
lstm_sl10_base_alpha_v3_rs_crowding_mini4__risk_adjusted_sort__pred_weight__cs40_v2086_v596_rp10_mt80,2025-12-19,601899,0.19734490438920357,0.18074591699808482,0.52950555,0.0287156831808141,0.7732142857142856,0.8392857142857142,0.0196830152439517,0.0199298711857659,0.8042,-0.0763328968828245,0.1099290780141841
lstm_sl10_base_alpha_v3_rs_crowding_mini4__risk_adjusted_sort__pred_weight__cs40_v2086_v596_rp10_mt80,2025-12-22,688256,0.20550213011524696,0.14271264109898332,0.54838026,0.0248552652167109,0.9153333333333333,0.8466666666666667,0.0249722777207772,0.0299937427801367,1.5482,-0.0118461027853659,-0.1256983240223466
lstm_sl10_base_alpha_v3_rs_crowding_mini4__risk_adjusted_sort__pred_weight__cs40_v2086_v596_rp10_mt80,2025-12-22,000538,0.19933003894015813,0.1996999211885713,0.5319101,0.0019444935478169,0.9021666666666667,0.3116666666666667,0.0041946448304422,0.0041650900326038,0.3713,0.1755208003545876,-0.0796019900497513
lstm_sl10_base_alpha_v3_rs_crowding_mini4__risk_adjusted_sort__pred_weight__cs40_v2086_v596_rp10_mt80,2025-12-22,002028,0.20009275509887536,0.1945969930156175,0.5339454,0.0731902413011597,0.8773333333333333,0.8933333333333334,0.0262875487145728,0.031192356536659,1.1616,-0.0867062930465137,0.0165421558164355
lstm_sl10_base_alpha_v3_rs_crowding_mini4__risk_adjusted_sort__pred_weight__cs40_v2086_v596_rp10_mt80,2025-12-22,300628,0.19859106655180217,0.132403113961367,0.52993816,0.0052327182594326,0.8591666666666666,0.4083333333333333,0.0108681273054589,0.0068990555532431,0.8712,-0.3180056832859727,-0.280701754385965
lstm_sl10_base_alpha_v3_rs_crowding_mini4__risk_adjusted_sort__pred_weight__cs40_v2086_v596_rp10_mt80,2025-12-22,601919,0.1964840092939173,0.13099831289411412,0.5243155,-0.0084635416666665,0.8256666666666667,0.41000000000000003,0.010167223928666,0.0091211007013574,0.4012,-0.1432293335041748,-0.4146005509641873
lstm_sl10_base_alpha_v3_rs_crowding_mini4__risk_adjusted_sort__pred_weight__cs40_v2086_v596_rp10_mt80,2025-12-23,300274,0.21074376551400345,0.11444158226608787,0.56411284,0.0541207633495876,0.9196875,0.8031250000000001,0.024708785448054,0.03196122872017,3.1815,-0.1758049599365823,-0.1393206678180774
lstm_sl10_base_alpha_v3_rs_crowding_mini4__risk_adjusted_sort__pred_weight__cs40_v2086_v596_rp10_mt80,2025-12-23,300628,0.19807206607001776,0.1680637598017801,0.5301936,0.0038599393438102,0.9115625,0.571875,0.0109713172733428,0.0068230412624616,1.1183,-0.1508603015991131,0.1962833914053425
lstm_sl10_base_alpha_v3_rs_crowding_mini4__risk_adjusted_sort__pred_weight__cs40_v2086_v596_rp10_mt80,2025-12-23,601919,0.19723811357966686,0.16696895041668053,0.5279613,-0.0155743024010383,0.85265625,0.5359375000000001,0.0100842292456493,0.0078001477855635,0.4818,-0.0070074196207748,-0.1009681881051175
lstm_sl10_base_alpha_v3_rs_crowding_mini4__risk_adjusted_sort__pred_weight__cs40_v2086_v596_rp10_mt80,2025-12-23,600803,0.1975975578248808,0.10730271006708164,0.52892345,0.0033751205400193,0.84765625,0.8984375,0.0173433586769691,0.0176552968483014,0.3714,0.0938328326559463,0.4852528089887642
lstm_sl10_base_alpha_v3_rs_crowding_mini4__risk_adjusted_sort__pred_weight__cs40_v2086_v596_rp10_mt80,2025-12-23,600887,0.19634849701143117,0.1066244243038511,0.52558,-0.0017355085039916,0.82546875,0.4953125,0.0065133167829876,0.0077029288811911,0.679,0.1499119360520255,0.2824675324675327
lstm_sl10_base_alpha_v3_rs_crowding_mini4__risk_adjusted_sort__pred_weight__cs40_v2086_v596_rp10_mt80,2025-12-24,601136,0.20394121315528202,0.10997462897959867,0.56527615,-0.0036978341257262,0.9559210526315789,0.4407894736842105,0.012085702368001,0.0098259192225246,0.3506,-0.8275471957973851,-0.4105409153952843
lstm_sl10_base_alpha_v3_rs_crowding_mini4__risk_adjusted_sort__pred_weight__cs40_v2086_v596_rp10_mt80,2025-12-24,601021,0.19986703323324215,0.10777764084566366,0.5539835,0.0387946589678816,0.9014473684210527,0.7223684210526315,0.0123730351944655,0.0114688163455965,0.4606,-0.1935568589687473,0.1451612903225803
lstm_sl10_base_alpha_v3_rs_crowding_mini4__risk_adjusted_sort__pred_weight__cs40_v2086_v596_rp10_mt80,2025-12-24,000538,0.19867903366216813,0.1491833109178571,0.55069065,0.0079646017699115,0.8823684210526316,0.3868421052631579,0.0045654001451452,0.0057851493820257,0.3339,0.0133843212237094,0.129032258064516
lstm_sl10_base_alpha_v3_rs_crowding_mini4__risk_adjusted_sort__pred_weight__cs40_v2086_v596_rp10_mt80,2025-12-24,605117,0.19907345810636592,0.10734970806643085,0.5517839,-0.0043839409321642,0.8673684210526316,0.8,0.0167974647347982,0.0109854683914148,0.9545,-0.0963484715082317,-0.0415094339622639
lstm_sl10_base_alpha_v3_rs_crowding_mini4__risk_adjusted_sort__pred_weight__cs40_v2086_v596_rp10_mt80,2025-12-24,601919,0.1984392618429416,0.18393921243204037,0.55002606,-0.0019620667102681,0.8428947368421053,0.518421052631579,0.0100556830628436,0.007610359971041,0.3682,-0.2492455754016802,0.011904761904762
lstm_sl10_base_alpha_v3_rs_crowding_mini4__risk_adjusted_sort__pred_weight__cs40_v2086_v596_rp10_mt80,2025-12-25,601136,0.20184249914975086,0.1595764942718777,0.5654741,-0.0126050420168066,0.967051282051282,0.32948717948717954,0.0115112478973868,0.0047229111168282,0.2901,-0.8321588502794459,-0.4407894736842105
lstm_sl10_base_alpha_v3_rs_crowding_mini4__risk_adjusted_sort__pred_weight__cs40_v2086_v596_rp10_mt80,2025-12-25,000538,0.200998184180261,0.1771595158623938,0.5631087,0.0,0.9484615384615385,0.258974358974359,0.0046528410064824,0.0048980024267432,0.2572,-0.2086153846153846,-0.3016759776536314
lstm_sl10_base_alpha_v3_rs_crowding_mini4__risk_adjusted_sort__pred_weight__cs40_v2086_v596_rp10_mt80,2025-12-25,600011,0.19989819033504372,0.10793025995709513,0.560027,-0.0651629072681704,0.8862820512820513,0.6243589743589744,0.00939479825757,0.0065868488065959,0.364,-0.0992997302848093,0.0631834750911299
lstm_sl10_base_alpha_v3_rs_crowding_mini4__risk_adjusted_sort__pred_weight__cs40_v2086_v596_rp10_mt80,2025-12-25,688009,0.19873210119816306,0.1073006579408601,0.55676013,-0.0036363636363635,0.876923076923077,0.46153846153846145,0.0073654027522854,0.0065595958114449,0.2989,-0.2416977446279524,-0.051948051948052
lstm_sl10_base_alpha_v3_rs_crowding_mini4__risk_adjusted_sort__pred_weight__cs40_v2086_v596_rp10_mt80,2025-12-25,000999,0.19852902513678153,0.10719101186522913,0.5561912,-0.0148943540006926,0.8442307692307692,0.5320512820512822,0.0076543774211293,0.0063038571990314,0.3888,-0.1245609294785193,0.2077294685990343
lstm_sl10_base_alpha_v3_rs_crowding_mini4__risk_adjusted_sort__pred_weight__cs40_v2086_v596_rp10_mt80,2025-12-26,600660,0.20219001279778115,0.1331052202150709,0.5653028,0.0117831893165748,0.9694871794871794,0.3051282051282051,0.0090918328899136,0.0052910281833111,0.3174,-0.3253124734291303,-0.5716783216783217
lstm_sl10_base_alpha_v3_rs_crowding_mini4__risk_adjusted_sort__pred_weight__cs40_v2086_v596_rp10_mt80,2025-12-26,603288,0.19952279530525058,0.13134934431006345,0.55784553,0.0152324959914483,0.9226923076923077,0.2602564102564102,0.0073546738650296,0.0054864783539753,0.1381,-0.3467978431558036,-0.284188034188034
lstm_sl10_base_alpha_v3_rs_crowding_mini4__risk_adjusted_sort__pred_weight__cs40_v2086_v596_rp10_mt80,2025-12-26,600011,0.20107706118525978,0.16925042764611142,0.5621911,-0.080545229244114,0.9187179487179487,0.5564102564102564,0.0087252384772496,0.0050886079349744,0.5311,0.2770817803640562,0.2242798353909465
lstm_sl10_base_alpha_v3_rs_crowding_mini4__risk_adjusted_sort__pred_weight__cs40_v2086_v596_rp10_mt80,2025-12-26,688009,0.19908442821174713,0.16772351852148898,0.5566199,0.0054744525547445,0.8853846153846154,0.3769230769230769,0.0074861683809778,0.0057854811312207,0.2719,-0.2044590087190592,-0.131326949384405
lstm_sl10_base_alpha_v3_rs_crowding_mini4__risk_adjusted_sort__pred_weight__cs40_v2086_v596_rp10_mt80,2025-12-26,000538,0.19812570249996145,0.1909619230676143,0.5539394,0.0112914608327451,0.847948717948718,0.2384615384615385,0.0046649299851758,0.0047833796400962,0.2815,-0.12583069374573,-0.2119565217391306
lstm_sl10_base_alpha_v3_rs_crowding_mini4__risk_adjusted_sort__pred_weight__cs40_v2086_v596_rp10_mt80,2025-12-29,601318,0.2033090451406342,0.0977122625305776,0.56593597,0.0593548387096774,0.9232857142857143,0.7671428571428572,0.0194154390344433,0.0170511991618483,0.6151,-0.0823648759529173,-0.0171898355754857
lstm_sl10_base_alpha_v3_rs_crowding_mini4__risk_adjusted_sort__pred_weight__cs40_v2086_v596_rp10_mt80,2025-12-29,600115,0.2001710604494825,0.09620411721541638,0.557201,0.0795053003533568,0.8804285714285714,0.91,0.0199473043751001,0.0170092911232454,0.8422,0.0948468618376578,0.6912257200267917
lstm_sl10_base_alpha_v3_rs_crowding_mini4__risk_adjusted_sort__pred_weight__cs40_v2086_v596_rp10_mt80,2025-12-29,601688,0.19965198893804686,0.09595464650562845,0.5557561,0.0894759267149551,0.8772857142857142,0.6557142857142857,0.0217025368380465,0.0108610142081328,1.0078,-0.245607862805129,-0.1899671052631578
lstm_sl10_base_alpha_v3_rs_crowding_mini4__risk_adjusted_sort__pred_weight__cs40_v2086_v596_rp10_mt80,2025-12-29,688009,0.19911881351108837,0.18281239616648826,0.55427194,0.0127737226277372,0.8765714285714286,0.37714285714285717,0.0074516103018358,0.0040940100291196,0.3457,0.08342735364172,0.1864406779661016
lstm_sl10_base_alpha_v3_rs_crowding_mini4__risk_adjusted_sort__pred_weight__cs40_v2086_v596_rp10_mt80,2025-12-29,000776,0.19774909196074802,0.09504009610337827,0.55045915,0.0867976244860667,0.8361428571428571,0.4957142857142857,0.0145912659393231,0.0108517012740774,0.6501,-0.2473342363933173,-0.2961876832844575
lstm_sl10_base_alpha_v3_rs_crowding_mini4__risk_adjusted_sort__pred_weight__cs40_v2086_v596_rp10_mt80,2025-12-30,000708,0.19963209856070646,0.09873541647468782,0.55798554,-0.0336391437308868,0.9252702702702703,0.47702702702702704,0.0144621230794667,0.0027277407649588,0.1907,-0.1380790960451977,0.0511089681774352
lstm_sl10_base_alpha_v3_rs_crowding_mini4__risk_adjusted_sort__pred_weight__cs40_v2086_v596_rp10_mt80,2025-12-30,600115,0.20425359407463692,0.14964397069831276,0.57090294,0.0758377425044092,0.9193243243243243,0.8067567567567567,0.020013493260706,0.0143952012654029,0.6298,-0.1476980539691991,0.2208201892744479
lstm_sl10_base_alpha_v3_rs_crowding_mini4__risk_adjusted_sort__pred_weight__cs40_v2086_v596_rp10_mt80,2025-12-30,600161,0.19868577495888515,0.0982673772384162,0.5553405,0.0157958687727825,0.8764864864864865,0.4243243243243243,0.0112856672644391,0.0148059819393137,0.2709,-0.4009552872495687,-0.4504310344827585
lstm_sl10_base_alpha_v3_rs_crowding_mini4__risk_adjusted_sort__pred_weight__cs40_v2086_v596_rp10_mt80,2025-12-30,600309,0.19899126649545443,0.09841846934389487,0.55619437,0.0666666666666666,0.8656756756756756,0.8027027027027027,0.0182042421461779,0.0159771502675374,0.8506,-0.1973351451326765,0.3374485596707819
lstm_sl10_base_alpha_v3_rs_crowding_mini4__risk_adjusted_sort__pred_weight__cs40_v2086_v596_rp10_mt80,2025-12-30,000776,0.19843726591031685,0.14617897956348294,0.5546459,0.0437956204379562,0.8402702702702702,0.5162162162162163,0.0142086941401597,0.0088759040156323,0.6704,-0.2295581221628454,-0.0267639902676396
lstm_sl10_base_alpha_v3_rs_crowding_mini4__risk_adjusted_sort__pred_weight__cs40_v2086_v596_rp10_mt80,2025-12-31,000708,0.20355212389413344,0.16258311153585797,0.5754023,-0.0456456456456455,0.9493421052631579,0.506578947368421,0.0145001762049065,0.0043552752613976,0.2141,-0.0204062957540263,-0.0643863179074446
lstm_sl10_base_alpha_v3_rs_crowding_mini4__risk_adjusted_sort__pred_weight__cs40_v2086_v596_rp10_mt80,2025-12-31,600309,0.2009701459210313,0.16088645116960545,0.56810355,0.0362694300518134,0.9256578947368421,0.48026315789473684,0.0181854080241752,0.0084774672031152,0.524,-0.4100095704554412,-0.3287037037037037
lstm_sl10_base_alpha_v3_rs_crowding_mini4__risk_adjusted_sort__pred_weight__cs40_v2086_v596_rp10_mt80,2025-12-31,601390,0.19907453631549235,0.12126359052905487,0.56274503,0.0295748613678373,0.9225,0.2486842105263158,0.006418561852157,0.0089140019111482,0.2545,-0.2057299794020348,-0.3071161048689139
lstm_sl10_base_alpha_v3_rs_crowding_mini4__risk_adjusted_sort__pred_weight__cs40_v2086_v596_rp10_mt80,2025-12-31,601808,0.1986245478323788,0.12098948606462154,0.561473,-0.0027605244996549,0.8860526315789473,0.35,0.0074170151597029,0.0039802189735878,0.2604,0.0170683123071515,0.0533707865168535
lstm_sl10_base_alpha_v3_rs_crowding_mini4__risk_adjusted_sort__pred_weight__cs40_v2086_v596_rp10_mt80,2025-12-31,000776,0.19777864603696424,0.17761022608292587,0.5590818,0.0067934782608695,0.8307894736842105,0.6394736842105264,0.0141694116255716,0.0078442161735901,0.7862,0.0067483641299477,0.3621794871794872
lstm_sl10_base_alpha_v3_rs_crowding_mini4__risk_adjusted_sort__pred_weight__cs40_v2086_v596_rp10_mt80,2026-01-05,601390,0.1999314490276114,0.16509885587319983,0.5541712,0.0314232902033271,0.9577777777777777,0.14444444444444443,0.0063644297261718,0.0088740864254289,0.3409,0.0362962062256808,-0.1666666666666665
lstm_sl10_base_alpha_v3_rs_crowding_mini4__risk_adjusted_sort__pred_weight__cs40_v2086_v596_rp10_mt80,2026-01-05,600309,0.2066178944951794,0.1863689034825033,0.57270473,0.0298584966896014,0.9484722222222222,0.5152777777777778,0.0179032906906864,0.0090670468815965,0.8355,0.0316980106936022,0.2043010752688172
lstm_sl10_base_alpha_v3_rs_crowding_mini4__risk_adjusted_sort__pred_weight__cs40_v2086_v596_rp10_mt80,2026-01-05,600111,0.1979093522795363,0.11027895174521012,0.54856634,0.0659434162944054,0.88,0.36666666666666675,0.0140109862126115,0.008278270878602,2.2795,0.2715598991454133,-0.2456556082148496
lstm_sl10_base_alpha_v3_rs_crowding_mini4__risk_adjusted_sort__pred_weight__cs40_v2086_v596_rp10_mt80,2026-01-05,600845,0.19681114773524647,0.1096670107502487,0.54552233,0.147934678194044,0.8590277777777777,0.2986111111111111,0.0098531021435978,0.0114009577481304,0.5728,0.1586697952908811,-0.2976066597294484
lstm_sl10_base_alpha_v3_rs_crowding_mini4__risk_adjusted_sort__pred_weight__cs40_v2086_v596_rp10_mt80,2026-01-05,601319,0.19873015646242634,0.11073631984749842,0.55084145,0.039236479321315,0.8541666666666666,0.9027777777777779,0.0216894961326109,0.0281468830462165,0.349,0.7836152706086779,1.289685442574982
lstm_sl10_base_alpha_v3_rs_crowding_mini4__risk_adjusted_sort__pred_weight__cs40_v2086_v596_rp10_mt80,2026-01-06,000977,0.20149585419122085,0.08059834167648834,0.5579401,0.0435803374908291,0.94546875,0.5453125,0.0216565615885664,0.0123797234111915,4.0684,0.168110391083267,0.0944881889763777
lstm_sl10_base_alpha_v3_rs_crowding_mini4__risk_adjusted_sort__pred_weight__cs40_v2086_v596_rp10_mt80,2026-01-06,601939,0.20137462950531573,0.0805498518021263,0.55760443,-0.0010940919037199,0.94265625,0.2609375,0.0100312443303668,0.011790111165883,0.8807,0.1499340619165132,-0.2334905660377356
lstm_sl10_base_alpha_v3_rs_crowding_mini4__risk_adjusted_sort__pred_weight__cs40_v2086_v596_rp10_mt80,2026-01-06,301236,0.19960882711163683,0.07984353084465473,0.55271494,0.1305241521068858,0.8865625,0.509375,0.015476862810247,0.0180698875767799,2.4813,0.319685994192169,-0.2391304347826089
lstm_sl10_base_alpha_v3_rs_crowding_mini4__risk_adjusted_sort__pred_weight__cs40_v2086_v596_rp10_mt80,2026-01-06,002594,0.19907403292724224,0.0796296131708969,0.5512341,-0.0096038415366145,0.85140625,0.5484375,0.0158811114248675,0.0143382046241974,1.4963,0.3097176268753392,0.2162162162162162
lstm_sl10_base_alpha_v3_rs_crowding_mini4__risk_adjusted_sort__pred_weight__cs40_v2086_v596_rp10_mt80,2026-01-06,688041,0.19844665626458438,0.07937866250583375,0.5494969,0.0894920958242926,0.82109375,0.5390625,0.0236135278382938,0.0114918489345847,0.9646,0.0947057822164216,0.027434104357181
lstm_sl10_base_alpha_v3_rs_crowding_mini4__risk_adjusted_sort__pred_weight__cs40_v2086_v596_rp10_mt80,2026-01-07,000977,0.20293180962401822,0.13885077931527015,0.5744009,0.0115641215715344,0.9409375,0.590625,0.0215323536760443,0.0130105356372361,3.2022,-0.0084809526905893,0.0592160133444537
lstm_sl10_base_alpha_v3_rs_crowding_mini4__risk_adjusted_sort__pred_weight__cs40_v2086_v596_rp10_mt80,2026-01-07,001979,0.2018980743444254,0.09613930825686405,0.5714749,0.0429378531073446,0.9140625,0.546875,0.0162755657619433,0.0232458566488571,0.6692,-0.0615358725528691,-0.2489851150202977
lstm_sl10_base_alpha_v3_rs_crowding_mini4__risk_adjusted_sort__pred_weight__cs40_v2086_v596_rp10_mt80,2026-01-07,300408,0.19911304453131973,0.09481313988910658,0.56359184,0.0530629853321828,0.8759375,0.6156250000000001,0.0224757766935034,0.0144894439883937,0.9683,-0.0981400244022838,0.1111111111111107
lstm_sl10_base_alpha_v3_rs_crowding_mini4__risk_adjusted_sort__pred_weight__cs40_v2086_v596_rp10_mt80,2026-01-07,601456,0.19900695418029138,0.094762622057306,0.56329155,-0.00999000999001,0.8529687499999999,0.5328125000000001,0.0159704929260694,0.0267784962278448,1.0948,-0.0315018444635131,-0.2960164835164837
lstm_sl10_base_alpha_v3_rs_crowding_mini4__risk_adjusted_sort__pred_weight__cs40_v2086_v596_rp10_mt80,2026-01-07,688041,0.19705011731994526,0.1354111546637753,0.5577527,0.0611061946902654,0.806875,0.68125,0.0229220637104215,0.0148672332216336,1.039,0.2191401483150286,-0.1329179646936656
lstm_sl10_base_alpha_v3_rs_crowding_mini4__risk_adjusted_sort__pred_weight__cs40_v2086_v596_rp10_mt80,2026-01-08,601456,0.20096938064377226,0.15002737472290467,0.5654397,-0.0149700598802394,0.9160606060606061,0.5363636363636364,0.015784626485096,0.0267239567602564,0.7768,-0.3089951608311984,-0.6945778997940975
lstm_sl10_base_alpha_v3_rs_crowding_mini4__risk_adjusted_sort__pred_weight__cs40_v2086_v596_rp10_mt80,2026-01-08,300408,0.20153895413067646,0.1503479834865891,0.56704223,-0.0036682290605258,0.9157575757575758,0.8424242424242424,0.0226809714818887,0.0162882417246964,1.3173,0.1783701583325876,0.4535266974291361
lstm_sl10_base_alpha_v3_rs_crowding_mini4__risk_adjusted_sort__pred_weight__cs40_v2086_v596_rp10_mt80,2026-01-08,002594,0.19909808687170522,0.1236078460790277,0.5601747,-0.0099948480164863,0.854090909090909,0.5499999999999999,0.0169291229942888,0.0177540856195772,0.8622,-0.317080125463359,-0.5829428303655108
lstm_sl10_base_alpha_v3_rs_crowding_mini4__risk_adjusted_sort__pred_weight__cs40_v2086_v596_rp10_mt80,2026-01-08,600276,0.19954860484582132,0.10383524022712126,0.56144226,-0.0062912865681031,0.851969696969697,0.8742424242424243,0.0192371077899423,0.0278177074471083,0.7019,0.2053924094109565,0.051230871590153
lstm_sl10_base_alpha_v3_rs_crowding_mini4__risk_adjusted_sort__pred_weight__cs40_v2086_v596_rp10_mt80,2026-01-08,002001,0.19884497350802477,0.10346910522433392,0.55946255,-0.0251645373596593,0.8395454545454546,0.3924242424242424,0.0082662209686249,0.0080984996174481,0.7094,0.0289808824809261,0.0622710622710627
lstm_sl10_base_alpha_v3_rs_crowding_mini4__risk_adjusted_sort__pred_weight__cs40_v2086_v596_rp10_mt80,2026-01-09,002475,0.20021430180423386,0.09653940801249754,0.5564173,0.0557971014492753,0.9070967741935484,0.9290322580645162,0.0239530203952013,0.0305163225005944,2.1196,0.1555739706908583,0.0916230366492145
lstm_sl10_base_alpha_v3_rs_crowding_mini4__risk_adjusted_sort__pred_weight__cs40_v2086_v596_rp10_mt80,2026-01-09,600061,0.20001776396896978,0.09644464132451636,0.5558711,-0.0102432778489117,0.9003225806451612,0.3516129032258064,0.0086343093820408,0.0147462767405838,0.5491,-0.0936102078209338,-0.1517323775388291
lstm_sl10_base_alpha_v3_rs_crowding_mini4__risk_adjusted_sort__pred_weight__cs40_v2086_v596_rp10_mt80,2026-01-09,600276,0.20013791040469783,0.15027049827405387,0.556205,-0.0117004680187207,0.895,0.7274193548387096,0.0192199409665755,0.0258402946608612,0.6684,0.0959712725662844,-0.3037974683544302
lstm_sl10_base_alpha_v3_rs_crowding_mini4__risk_adjusted_sort__pred_weight__cs40_v2086_v596_rp10_mt80,2026-01-09,002415,0.1997132634605226,0.09629781715381482,0.55502486,0.0301639344262294,0.8303225806451613,0.40645161290322585,0.0100540076551102,0.0092447726865984,0.5152,0.1399995574535881,0.0060514372163391
lstm_sl10_base_alpha_v3_rs_crowding_mini4__risk_adjusted_sort__pred_weight__cs40_v2086_v596_rp10_mt80,2026-01-09,000977,0.19991676036157577,0.13088256569039813,0.5555904,-0.0095155709342561,0.8167741935483871,0.8645161290322582,0.0207802563105651,0.0154937326587817,4.9064,0.427906218714349,0.5250475586556753
lstm_sl10_base_alpha_v3_rs_crowding_mini4__risk_adjusted_sort__pred_weight__cs40_v2086_v596_rp10_mt80,2026-01-12,002311,0.2006633658906548,0.09561613150738676,0.5679035,0.0020758633704471,0.9525806451612904,0.4741935483870968,0.0164917343208489,0.01190851764344,0.4784,-0.0602286567398736,-0.0372670807453416
lstm_sl10_base_alpha_v3_rs_crowding_mini4__risk_adjusted_sort__pred_weight__cs40_v2086_v596_rp10_mt80,2026-01-12,002049,0.2003630970450959,0.0954730533461235,0.5670537,0.07867021951529,0.9306451612903226,0.3709677419354839,0.0131585631744578,0.0,2.7733,-0.0252226666572936,0.0
lstm_sl10_base_alpha_v3_rs_crowding_mini4__risk_adjusted_sort__pred_weight__cs40_v2086_v596_rp10_mt80,2026-01-12,002475,0.1998047128880745,0.14574534516653684,0.5654734,0.0440251572327044,0.8525806451612903,0.8290322580645162,0.0235612792717527,0.02332391939131,2.5917,0.3061884818337137,-0.1901012373453319
lstm_sl10_base_alpha_v3_rs_crowding_mini4__risk_adjusted_sort__pred_weight__cs40_v2086_v596_rp10_mt80,2026-01-12,000301,0.19977776713358833,0.09519414353343546,0.56539714,-0.019774011299435,0.8490322580645161,0.5419354838709678,0.0218819842140649,0.0120802940082817,0.2805,-0.3755009350788137,-0.1563554555680538
lstm_sl10_base_alpha_v3_rs_crowding_mini4__risk_adjusted_sort__pred_weight__cs40_v2086_v596_rp10_mt80,2026-01-12,002594,0.19939105704258633,0.1285173024143792,0.5643027,-0.0221212121212121,0.8188709677419355,0.5209677419354839,0.0169162473846152,0.0158897594145774,1.2195,-0.114629843399473,-0.0331491712707182
lstm_sl10_base_alpha_v3_rs_crowding_mini4__risk_adjusted_sort__pred_weight__cs40_v2086_v596_rp10_mt80,2026-01-13,300274,0.21098469984405432,0.10428563312791259,0.6145257,0.077202202202202,0.9128787878787878,0.8712121212121212,0.0304277270488401,0.0147155724148942,5.5542,0.3300351055321142,0.4177148846960163
lstm_sl10_base_alpha_v3_rs_crowding_mini4__risk_adjusted_sort__pred_weight__cs40_v2086_v596_rp10_mt80,2026-01-13,601138,0.20289591908040697,0.10028002143294608,0.59096587,0.0088036949727977,0.8933333333333333,0.7636363636363638,0.0302549906250209,0.0125021583000075,0.9721,0.1115430792979246,0.2521688837478313
lstm_sl10_base_alpha_v3_rs_crowding_mini4__risk_adjusted_sort__pred_weight__cs40_v2086_v596_rp10_mt80,2026-01-13,000301,0.19924182033652812,0.1466190480221623,0.58032274,0.0380687093779015,0.8915151515151516,0.4787878787878788,0.0218096023515791,0.0085577736606168,0.3939,-0.1122780131614532,0.0043942247332078
lstm_sl10_base_alpha_v3_rs_crowding_mini4__risk_adjusted_sort__pred_weight__cs40_v2086_v596_rp10_mt80,2026-01-13,002049,0.19496078849399578,0.1446442355865617,0.56785357,0.0642050501205432,0.8798484848484848,0.2924242424242424,0.0128469748334935,0.0,2.7733,0.0,0.0
lstm_sl10_base_alpha_v3_rs_crowding_mini4__risk_adjusted_sort__pred_weight__cs40_v2086_v596_rp10_mt80,2026-01-13,002493,0.1919167722450149,0.0948536477288389,0.5589874,0.0585701981050818,0.8231818181818182,0.556060606060606,0.0259957835352436,0.0139060802992319,0.5596,-0.2560983715520105,-0.0483383685800604
lstm_sl10_base_alpha_v3_rs_crowding_mini4__risk_adjusted_sort__pred_weight__cs40_v2086_v596_rp10_mt80,2026-01-14,601138,0.20508420660581958,0.18190273433405885,0.5819161,-0.0045459653938394,0.9359677419354838,0.6403225806451613,0.0287604504292242,0.0166410387506697,0.7868,-0.0833148862299169,-0.4106583072100314
lstm_sl10_base_alpha_v3_rs_crowding_mini4__risk_adjusted_sort__pred_weight__cs40_v2086_v596_rp10_mt80,2026-01-14,000301,0.20421670221032298,0.1914767680056067,0.5794546,0.0492107706592386,0.9037096774193549,0.6403225806451612,0.0186013041329188,0.008835183296311,0.5527,0.300225839841912,0.006235827664399
lstm_sl10_base_alpha_v3_rs_crowding_mini4__risk_adjusted_sort__pred_weight__cs40_v2086_v596_rp10_mt80,2026-01-14,002049,0.19672173207939977,0.1852027928410466,0.558188,-0.0643672857307648,0.8732258064516129,0.3,0.0113723192910554,0.0,2.7733,0.0,0.0
lstm_sl10_base_alpha_v3_rs_crowding_mini4__risk_adjusted_sort__pred_weight__cs40_v2086_v596_rp10_mt80,2026-01-14,002493,0.19933287978049022,0.17622328337663312,0.565597,0.0866952789699569,0.8570967741935483,0.7838709677419355,0.026008091585725,0.0169824467998491,0.7861,0.0365242616033756,-0.020310633213859
lstm_sl10_base_alpha_v3_rs_crowding_mini4__risk_adjusted_sort__pred_weight__cs40_v2086_v596_rp10_mt80,2026-01-14,300498,0.19464447932396756,0.1515913742131638,0.5522939,-0.0622037914691942,0.8085483870967742,0.3016129032258065,0.0084023073274414,0.0078691453817772,0.8082,0.2270553404691415,-0.1216216216216217
lstm_sl10_base_alpha_v3_rs_crowding_mini4__risk_adjusted_sort__pred_weight__cs40_v2086_v596_rp10_mt80,2026-01-15,300274,0.20958769061850882,0.14555332209332705,0.6131127,-0.0296097706285373,0.9337096774193548,0.6629032258064517,0.0297697857890323,0.0245058570552922,2.5968,-0.3744655327328832,-0.4088319088319089
lstm_sl10_base_alpha_v3_rs_crowding_mini4__risk_adjusted_sort__pred_weight__cs40_v2086_v596_rp10_mt80,2026-01-15,000301,0.20160608940438712,0.19812859898090912,0.5897639,0.056338028169014,0.9187096774193548,0.4903225806451613,0.018404456888411,0.0109771356327772,0.3503,-0.1073339789001579,-0.2211838006230529
lstm_sl10_base_alpha_v3_rs_crowding_mini4__risk_adjusted_sort__pred_weight__cs40_v2086_v596_rp10_mt80,2026-01-15,600115,0.20097033159507685,0.13201598993704264,0.5879041,0.0489038785834738,0.8808064516129032,0.5467741935483871,0.0221793540959698,0.0182338795267051,0.5232,-0.3101993460605421,-0.2821904292057228
lstm_sl10_base_alpha_v3_rs_crowding_mini4__risk_adjusted_sort__pred_weight__cs40_v2086_v596_rp10_mt80,2026-01-15,002493,0.19419661894234,0.1880262053630821,0.56808877,0.1044142614601018,0.8214516129032258,0.8177419354838711,0.0248012726274486,0.0138623860181614,0.6431,-0.0919231855408075,0.131710016602103
lstm_sl10_base_alpha_v3_rs_crowding_mini4__risk_adjusted_sort__pred_weight__cs40_v2086_v596_rp10_mt80,2026-01-15,688981,0.19363926943968715,0.1271611038671281,0.56645834,0.0116078431372548,0.8017741935483871,0.6919354838709677,0.0233196048936498,0.0144787256051847,2.7836,-0.1025827022461225,-0.0899357601713063
lstm_sl10_base_alpha_v3_rs_crowding_mini4__risk_adjusted_sort__pred_weight__cs40_v2086_v596_rp10_mt80,2026-01-16,600115,0.20775599767530212,0.17657170043245501,0.59087586,0.0499999999999998,0.93265625,0.6734375,0.0192498705297107,0.014035896176308,0.7814,0.052830137835325,0.0372608257804631
lstm_sl10_base_alpha_v3_rs_crowding_mini4__risk_adjusted_sort__pred_weight__cs40_v2086_v596_rp10_mt80,2026-01-16,300782,0.20111552968012014,0.11831059415158267,0.5719898,-0.0166129432184478,0.88890625,0.7984375,0.026181456920586,0.0199155805618439,3.2146,-0.0906596437431577,0.030389363722697
lstm_sl10_base_alpha_v3_rs_crowding_mini4__risk_adjusted_sort__pred_weight__cs40_v2086_v596_rp10_mt80,2026-01-16,601238,0.19561147610851348,0.11507271466343644,0.5563358,-0.0012062726176115,0.883125,0.23125,0.0137615297662998,0.0101054995713661,0.4846,-0.3306167553007805,-0.0073868882733149
lstm_sl10_base_alpha_v3_rs_crowding_mini4__risk_adjusted_sort__pred_weight__cs40_v2086_v596_rp10_mt80,2026-01-16,002493,0.1999133612602228,0.19501908392994408,0.56857073,0.2180712423979148,0.87390625,0.6359375,0.0255582600509557,0.0162491607505997,0.4526,-0.3433061040901901,0.0260869565217389
lstm_sl10_base_alpha_v3_rs_crowding_mini4__risk_adjusted_sort__pred_weight__cs40_v2086_v596_rp10_mt80,2026-01-16,000807,0.19560363527584151,0.11506810212270654,0.5563135,0.0119963088280528,0.79390625,0.8109375,0.0284088556588931,0.013866055750424,2.3702,-0.0086744125741338,0.0702464141228393
lstm_sl10_base_alpha_v3_rs_crowding_mini4__risk_adjusted_sort__pred_weight__cs40_v2086_v596_rp10_mt80,2026-01-19,000786,0.20187850636909288,0.0969957377343863,0.57111037,0.080550098231827,0.9368333333333333,0.29833333333333334,0.0100810064839321,0.0073900238662484,0.63,-0.3486891076006947,-0.1251384274640086
lstm_sl10_base_alpha_v3_rs_crowding_mini4__risk_adjusted_sort__pred_weight__cs40_v2086_v596_rp10_mt80,2026-01-19,000807,0.20560090381108873,0.15856602593273686,0.58164096,-0.0012106537530267,0.9153333333333333,0.8466666666666667,0.0283480954113775,0.0169142831722609,2.0265,-0.1507204103698861,-0.1742770167427701
lstm_sl10_base_alpha_v3_rs_crowding_mini4__risk_adjusted_sort__pred_weight__cs40_v2086_v596_rp10_mt80,2026-01-19,002736,0.19692273883988795,0.09461466044101406,0.5570906,-0.0195007800312013,0.8615,0.38499999999999995,0.0157715374311901,0.0125832802706975,0.3183,-0.4142005300353357,-0.4679245283018867
lstm_sl10_base_alpha_v3_rs_crowding_mini4__risk_adjusted_sort__pred_weight__cs40_v2086_v596_rp10_mt80,2026-01-19,688981,0.1987130657412506,0.12267548163933018,0.5621554,-0.0079199999999999,0.8508333333333333,0.825,0.0235132767123313,0.0198751217913362,2.3882,-0.2188557915291548,-0.1603535353535353
lstm_sl10_base_alpha_v3_rs_crowding_mini4__risk_adjusted_sort__pred_weight__cs40_v2086_v596_rp10_mt80,2026-01-19,000776,0.19688478523867978,0.09462282629934397,0.55698323,-0.0071492403932082,0.8341666666666667,0.325,0.0183429409099405,0.0088909114541824,0.8445,-0.43013887201911,-0.4694767441860464
lstm_sl10_base_alpha_v3_rs_crowding_mini4__risk_adjusted_sort__pred_weight__cs40_v2086_v596_rp10_mt80,2026-01-20,600010,0.20758755030117065,0.09868709403550417,0.6158645,0.0889830508474575,0.9325862068965517,0.6741379310344828,0.02248764241954,0.0216949831072173,4.1015,0.0333342571154315,-0.132023755139333
lstm_sl10_base_alpha_v3_rs_crowding_mini4__risk_adjusted_sort__pred_weight__cs40_v2086_v596_rp10_mt80,2026-01-20,000807,0.20272252861455464,0.17955802148409516,0.6014311,0.0030303030303029,0.8987931034482759,0.6672413793103448,0.0252000248342819,0.0176890827974992,2.1743,-0.0723659510563499,-0.1347656250000001
lstm_sl10_base_alpha_v3_rs_crowding_mini4__risk_adjusted_sort__pred_weight__cs40_v2086_v596_rp10_mt80,2026-01-20,300394,0.19936896892900952,0.0947799815350859,0.59148186,0.0747892303508294,0.8491379310344828,0.8189655172413793,0.0263052203718603,0.0279054117613498,3.844,-0.1598420223240728,0.2055674518201284
lstm_sl10_base_alpha_v3_rs_crowding_mini4__risk_adjusted_sort__pred_weight__cs40_v2086_v596_rp10_mt80,2026-01-20,002920,0.19657331566850997,0.09345092834374899,0.5831878,-0.0280941533788914,0.8374137931034483,0.5913793103448276,0.0295448142828121,0.0146063849625638,1.8854,-0.4029992527199726,0.011808910359635
lstm_sl10_base_alpha_v3_rs_crowding_mini4__risk_adjusted_sort__pred_weight__cs40_v2086_v596_rp10_mt80,2026-01-20,600111,0.19374763648675525,0.09212702262935384,0.57480466,0.0537021969080553,0.7993103448275861,0.6275862068965519,0.0240075824539549,0.018352746113512,3.3358,-0.2652050654548579,0.1634819532908709
lstm_sl10_base_alpha_v3_rs_crowding_mini4__risk_adjusted_sort__pred_weight__cs40_v2086_v596_rp10_mt80,2026-01-21,300394,0.20558012318231272,0.17785039405401504,0.61898816,0.1446740858505563,0.9258333333333333,0.7416666666666667,0.0247060831425082,0.0302840107650679,3.2277,-0.2842094525068303,-0.0163607342378291
lstm_sl10_base_alpha_v3_rs_crowding_mini4__risk_adjusted_sort__pred_weight__cs40_v2086_v596_rp10_mt80,2026-01-21,600438,0.2008445060877773,0.150579554545992,0.60472953,0.0503519220357336,0.8916666666666667,0.4166666666666667,0.0223697030523998,0.0172705781670632,1.1724,-0.4718990283915082,-0.3383742911153119
lstm_sl10_base_alpha_v3_rs_crowding_mini4__risk_adjusted_sort__pred_weight__cs40_v2086_v596_rp10_mt80,2026-01-21,600010,0.20088282310310043,0.17530650304625445,0.6048449,0.0368852459016393,0.8875,0.7916666666666667,0.0230271650942158,0.0284290155477064,4.1371,0.0586233367451383,0.2526494277236117
lstm_sl10_base_alpha_v3_rs_crowding_mini4__risk_adjusted_sort__pred_weight__cs40_v2086_v596_rp10_mt80,2026-01-21,002920,0.19896909792330247,0.17256127734604393,0.5990828,-0.0438537208079898,0.8401666666666667,0.5983333333333334,0.0295705242173802,0.0091963998703958,1.8004,-0.3539659472163913,0.0081112398609504
lstm_sl10_base_alpha_v3_rs_crowding_mini4__risk_adjusted_sort__pred_weight__cs40_v2086_v596_rp10_mt80,2026-01-21,000807,0.1937234497035071,0.1901782964061289,0.5832885,0.0214198286413709,0.8006666666666667,0.6599999999999999,0.0256084270725237,0.0172111994823805,1.7557,-0.2343552396319392,-0.3140428976123026
lstm_sl10_base_alpha_v3_rs_crowding_mini4__risk_adjusted_sort__pred_weight__cs40_v2086_v596_rp10_mt80,2026-01-22,688256,0.21649499297387279,0.08864176753155067,0.6250602,-0.0410471204188482,0.9260416666666667,0.7395833333333334,0.0299948312074135,0.0257623827794527,1.4187,-0.2656756281120922,-0.3297101449275363
lstm_sl10_base_alpha_v3_rs_crowding_mini4__risk_adjusted_sort__pred_weight__cs40_v2086_v596_rp10_mt80,2026-01-22,600111,0.19980185792725158,0.09542312939866594,0.5768641,0.0688972480696891,0.9125000000000001,0.4583333333333333,0.0239476733908861,0.0156657280729516,2.5883,-0.3267472499460264,-0.3302658486707566
lstm_sl10_base_alpha_v3_rs_crowding_mini4__risk_adjusted_sort__pred_weight__cs40_v2086_v596_rp10_mt80,2026-01-22,002422,0.19473532392425186,0.07973247782138158,0.5622361,-0.0232704402515723,0.8566666666666667,0.6,0.0225806662012899,0.0148915568523364,1.0615,-0.1033189447630953,0.5957446808510642
lstm_sl10_base_alpha_v3_rs_crowding_mini4__risk_adjusted_sort__pred_weight__cs40_v2086_v596_rp10_mt80,2026-01-22,002384,0.1945094842447799,0.07964000996875054,0.56158406,-0.0022448171134293,0.7945833333333333,0.8041666666666666,0.0258177543017441,0.0297844666292541,3.0079,-0.1115974646606059,-0.1163793103448276
lstm_sl10_base_alpha_v3_rs_crowding_mini4__risk_adjusted_sort__pred_weight__cs40_v2086_v596_rp10_mt80,2026-01-22,600760,0.1944583409298439,0.07961906983759369,0.5614364,-0.0769991755976917,0.7610416666666667,0.7229166666666668,0.0267789847530332,0.0296975572182955,1.0073,-0.2971377534644207,-0.1972477064220184
lstm_sl10_base_alpha_v3_rs_crowding_mini4__risk_adjusted_sort__pred_weight__cs40_v2086_v596_rp10_mt80,2026-01-23,600905,0.1988902018158409,0.08644017734967958,0.55175114,-0.0072289156626506,0.9450000000000001,0.21666666666666667,0.0046985406275851,0.0049754922611738,0.519,0.0515438852419158,-0.2122538293216628
lstm_sl10_base_alpha_v3_rs_crowding_mini4__risk_adjusted_sort__pred_weight__cs40_v2086_v596_rp10_mt80,2026-01-23,601872,0.20832549023864227,0.0905408720906277,0.57792604,0.0027149321266967,0.9256666666666666,0.7433333333333334,0.0291896315369142,0.0179407359291001,1.1707,-0.1285803608646458,-0.041343669250646
lstm_sl10_base_alpha_v3_rs_crowding_mini4__risk_adjusted_sort__pred_weight__cs40_v2086_v596_rp10_mt80,2026-01-23,601018,0.19728681306111187,0.08574332472319668,0.5473031,0.048780487804878,0.8838333333333334,0.16166666666666668,0.0054292594205231,0.0069780429109633,0.2751,-0.0395894428152491,-0.3249999999999999
lstm_sl10_base_alpha_v3_rs_crowding_mini4__risk_adjusted_sort__pred_weight__cs40_v2086_v596_rp10_mt80,2026-01-23,002384,0.19870243615535882,0.13138603436457802,0.55123025,0.0071232876712327,0.8513333333333334,0.82,0.0253153380115917,0.0294693029833199,3.4158,-0.005395521106009,-0.0556138509968521
lstm_sl10_base_alpha_v3_rs_crowding_mini4__risk_adjusted_sort__pred_weight__cs40_v2086_v596_rp10_mt80,2026-01-23,601916,0.19679505872904618,0.08552960187465852,0.5459389,-0.0067796610169492,0.8066666666666668,0.26666666666666666,0.0047537763148858,0.0073183506516903,0.6499,0.2318977936158921,-0.2765957446808509
lstm_sl10_base_alpha_v3_rs_crowding_mini4__risk_adjusted_sort__pred_weight__cs40_v2086_v596_rp10_mt80,2026-01-26,600905,0.20081175474916313,0.15299599278263643,0.54687864,-0.0120192307692308,0.946,0.20666666666666667,0.0046781025050187,0.0046101459267503,0.6546,0.2490936152348966,0.0526315789473688
lstm_sl10_base_alpha_v3_rs_crowding_mini4__risk_adjusted_sort__pred_weight__cs40_v2086_v596_rp10_mt80,2026-01-26,601916,0.19928890400888571,0.15172911829981006,0.5427314,-0.010204081632653,0.9218333333333334,0.115,0.0047582572816233,0.0072433772128716,0.5593,0.0201178251591369,-0.2781316348195327
lstm_sl10_base_alpha_v3_rs_crowding_mini4__risk_adjusted_sort__pred_weight__cs40_v2086_v596_rp10_mt80,2026-01-26,601872,0.20626328162400653,0.15788277211058305,0.561725,0.0071301247771835,0.9163333333333333,0.8366666666666667,0.0306062118775643,0.0312638060661569,1.7485,0.3673509286412511,-0.0329325666492421
lstm_sl10_base_alpha_v3_rs_crowding_mini4__risk_adjusted_sort__pred_weight__cs40_v2086_v596_rp10_mt80,2026-01-26,000651,0.1968578081725814,0.1145567128230402,0.5361107,-0.0127877237851663,0.8636666666666667,0.3633333333333333,0.0077110709549724,0.0129097002786092,1.1397,0.1492850372103342,-0.0978398983481576
lstm_sl10_base_alpha_v3_rs_crowding_mini4__risk_adjusted_sort__pred_weight__cs40_v2086_v596_rp10_mt80,2026-01-26,688256,0.19677825144536312,0.1354629983993719,0.53589404,-0.0392307692307692,0.8026666666666666,0.64,0.0306929070928038,0.0242939801016625,1.6223,-0.0860333181221514,-0.2998897464167587
lstm_sl10_base_alpha_v3_rs_crowding_mini4__risk_adjusted_sort__pred_weight__cs40_v2086_v596_rp10_mt80,2026-01-27,600795,0.20364504411288742,0.09617193891769947,0.56228113,-0.0214132762312632,0.9421621621621622,0.5783783783783785,0.0209439279587491,0.003764505694208,1.9098,-0.0142408085104187,0.0592160133444539
lstm_sl10_base_alpha_v3_rs_crowding_mini4__risk_adjusted_sort__pred_weight__cs40_v2086_v596_rp10_mt80,2026-01-27,601766,0.2003486833078489,0.09461522335227118,0.5531796,-0.0232919254658384,0.9263513513513514,0.4662162162162163,0.0117777843992419,0.0041485835971098,0.9189,0.0674209511418815,-0.122950819672131
lstm_sl10_base_alpha_v3_rs_crowding_mini4__risk_adjusted_sort__pred_weight__cs40_v2086_v596_rp10_mt80,2026-01-27,600104,0.19879206657176,0.09388010676589147,0.54888165,-0.0166782487838776,0.8858108108108108,0.3310810810810811,0.0115134218366292,0.0027396156012734,0.7196,-0.2878631937297125,0.076233183856502
lstm_sl10_base_alpha_v3_rs_crowding_mini4__risk_adjusted_sort__pred_weight__cs40_v2086_v596_rp10_mt80,2026-01-27,600905,0.198723633311186,0.17459099830275301,0.5486927,-0.0096852300242131,0.8621621621621621,0.2972972972972973,0.005194469296502,0.0056240282665126,0.5405,0.0154429999248515,0.0526315789473688
lstm_sl10_base_alpha_v3_rs_crowding_mini4__risk_adjusted_sort__pred_weight__cs40_v2086_v596_rp10_mt80,2026-01-27,600900,0.1984905726963177,0.09373772544402133,0.5480492,0.0104126494408021,0.8506756756756757,0.14189189189189189,0.007397347481469,0.0053528951203085,0.5473,-0.2313094285032092,-0.2633015006821284
lstm_sl10_base_alpha_v3_rs_crowding_mini4__risk_adjusted_sort__pred_weight__cs40_v2086_v596_rp10_mt80,2026-01-28,600905,0.20103470355235864,0.19088504336819256,0.5477968,-0.0097087378640777,0.9707575757575757,0.2924242424242424,0.0050675437126569,0.0049756931669716,0.6859,0.2547563295770525,0.1200923787528871
lstm_sl10_base_alpha_v3_rs_crowding_mini4__risk_adjusted_sort__pred_weight__cs40_v2086_v596_rp10_mt80,2026-01-28,600795,0.20019750912583797,0.1602702682906126,0.54551554,-0.0108459869848156,0.9365151515151515,0.33181818181818185,0.0132382744033237,0.0024020277153213,1.9869,0.001411219192581,-0.3466898954703832
lstm_sl10_base_alpha_v3_rs_crowding_mini4__risk_adjusted_sort__pred_weight__cs40_v2086_v596_rp10_mt80,2026-01-28,300014,0.20004018882619615,0.12326048187523517,0.54508686,0.0111290322580644,0.8666666666666667,0.7272727272727274,0.0215120618188381,0.0249869203250603,3.3338,0.1272244068530159,-0.0786516853932585
lstm_sl10_base_alpha_v3_rs_crowding_mini4__risk_adjusted_sort__pred_weight__cs40_v2086_v596_rp10_mt80,2026-01-28,601816,0.20001154176407512,0.12324283016883524,0.5450088,-0.0041152263374486,0.8613636363636363,0.4772727272727273,0.009146188308034,0.0081560867149932,0.6818,0.3592503987240827,-0.1899070385126162
lstm_sl10_base_alpha_v3_rs_crowding_mini4__risk_adjusted_sort__pred_weight__cs40_v2086_v596_rp10_mt80,2026-01-28,601916,0.19871605673153206,0.15317893337019256,0.54147875,0.0034364261168386,0.8168181818181819,0.31666666666666665,0.0047203200493806,0.0024051863658945,0.8388,0.424834380839137,0.2591687041564794
lstm_sl10_base_alpha_v3_rs_crowding_mini4__risk_adjusted_sort__pred_weight__cs40_v2086_v596_rp10_mt80,2026-01-29,600905,0.20278597160925727,0.1998581531464444,0.54836535,-0.0048543689320388,0.9825925925925926,0.17407407407407408,0.0050672154410026,0.0046147677082194,0.6835,0.2025193968929786,-0.158986175115207
lstm_sl10_base_alpha_v3_rs_crowding_mini4__risk_adjusted_sort__pred_weight__cs40_v2086_v596_rp10_mt80,2026-01-29,601872,0.20021058605147216,0.15882338148265257,0.5414011,0.0830324909747292,0.8825925925925926,0.8037037037037037,0.0310160729025795,0.0301592767445053,1.4175,0.1252679209335556,0.174573929064947
lstm_sl10_base_alpha_v3_rs_crowding_mini4__risk_adjusted_sort__pred_weight__cs40_v2086_v596_rp10_mt80,2026-01-29,601816,0.1990969160047777,0.1804355991317002,0.53838956,0.0061224489795918,0.8783333333333333,0.4759259259259259,0.0094269508113179,0.0098422033749319,0.6964,0.29734160472438,0.4410735122520421
lstm_sl10_base_alpha_v3_rs_crowding_mini4__risk_adjusted_sort__pred_weight__cs40_v2086_v596_rp10_mt80,2026-01-29,300014,0.19895962374183718,0.1803364255604237,0.5380183,0.0411793773678141,0.8322222222222222,0.5666666666666668,0.021893281311685,0.024260476151341,2.361,-0.1910588186923315,-0.31078988125968
lstm_sl10_base_alpha_v3_rs_crowding_mini4__risk_adjusted_sort__pred_weight__cs40_v2086_v596_rp10_mt80,2026-01-29,300274,0.1989469025926556,0.1500312219790572,0.5379839,0.0408794228787358,0.7725925925925926,0.7925925925925926,0.0243507136746748,0.0232262695468827,5.5658,0.3233472425312365,0.3011417697431016
lstm_sl10_base_alpha_v3_rs_crowding_mini4__risk_adjusted_sort__pred_weight__cs40_v2086_v596_rp10_mt80,2026-01-30,600660,0.2002606433242772,0.18267602421876464,0.55193293,0.0152202072538859,0.935625,0.33125,0.0123789044612278,0.0171367019954836,0.6962,-0.2880589841393204,-0.2560975609756097
lstm_sl10_base_alpha_v3_rs_crowding_mini4__risk_adjusted_sort__pred_weight__cs40_v2086_v596_rp10_mt80,2026-01-30,600905,0.19967599623245083,0.19969199118745795,0.5503216,-0.0024330900243309,0.916875,0.20625,0.005066884749601,0.0044879676018416,0.523,-0.0554963610423853,0.0566448801742924
lstm_sl10_base_alpha_v3_rs_crowding_mini4__risk_adjusted_sort__pred_weight__cs40_v2086_v596_rp10_mt80,2026-01-30,300014,0.20302803384855322,0.20103551407178188,0.55956006,-0.0664523043944265,0.91328125,0.8671875,0.0244641253209321,0.0336514832307421,4.4144,0.4460357184973595,0.5898420827998294
lstm_sl10_base_alpha_v3_rs_crowding_mini4__risk_adjusted_sort__pred_weight__cs40_v2086_v596_rp10_mt80,2026-01-30,601816,0.1993704890729504,0.1977078417101072,0.5494796,0.0225409836065574,0.8625,0.4375,0.0094962250535201,0.0101773633366898,0.5332,0.00786329956147,0.2461695607763026
lstm_sl10_base_alpha_v3_rs_crowding_mini4__risk_adjusted_sort__pred_weight__cs40_v2086_v596_rp10_mt80,2026-01-30,600438,0.1976648375217681,0.18040013066947222,0.5447787,-0.0167567567567568,0.80171875,0.7328125,0.0305202872891291,0.0196091093452033,2.0832,-0.021015827662694,0.1752717391304348
lstm_sl10_base_alpha_v3_rs_crowding_mini4__risk_adjusted_sort__pred_weight__cs40_v2086_v596_rp10_mt80,2026-02-02,600905,0.19981021639298677,0.19975207058945046,0.5489465,0.0048899755501222,0.9425,0.21785714285714286,0.0046600366082939,0.0036364250269635,0.5462,-0.0387356787103359,0.0543478260869569
lstm_sl10_base_alpha_v3_rs_crowding_mini4__risk_adjusted_sort__pred_weight__cs40_v2086_v596_rp10_mt80,2026-02-02,688082,0.20406233011973948,0.10369990652971789,0.5606285,0.0009445493943771,0.9105357142857142,0.8946428571428571,0.0358927496860298,0.0420964466351836,0.9861,-0.0630433749821843,0.3962873284907187
lstm_sl10_base_alpha_v3_rs_crowding_mini4__risk_adjusted_sort__pred_weight__cs40_v2086_v596_rp10_mt80,2026-02-02,300274,0.19928658252829695,0.10775226690121566,0.5475079,-0.0302649006622515,0.86625,0.6232142857142858,0.0245309013954299,0.0291460687309844,3.8331,-0.0936540889723304,-0.1749109616145627
lstm_sl10_base_alpha_v3_rs_crowding_mini4__risk_adjusted_sort__pred_weight__cs40_v2086_v596_rp10_mt80,2026-02-02,600085,0.19859267484051388,0.10092035020066563,0.5456015,0.0314882333443819,0.85875,0.3410714285714285,0.0107756917189698,0.0169333545758948,0.5689,-0.4578961912657346,-0.1934189406099519
lstm_sl10_base_alpha_v3_rs_crowding_mini4__risk_adjusted_sort__pred_weight__cs40_v2086_v596_rp10_mt80,2026-02-02,002736,0.19824819611846298,0.10074902563575064,0.5446551,0.0088781275221952,0.8003571428571428,0.5678571428571428,0.0162484273544632,0.016383525157957,0.4459,-0.0829065630077537,0.1647727272727273
lstm_sl10_base_alpha_v3_rs_crowding_mini4__risk_adjusted_sort__pred_weight__cs40_v2086_v596_rp10_mt80,2026-02-03,600036,0.2008055407817786,0.11407762436573106,0.55176824,0.0310704960835508,0.9288888888888889,0.43333333333333335,0.01008243522246,0.0110650265328923,0.4085,-0.4940048555715206,-0.3228655544651621
lstm_sl10_base_alpha_v3_rs_crowding_mini4__risk_adjusted_sort__pred_weight__cs40_v2086_v596_rp10_mt80,2026-02-03,600900,0.20054491526992335,0.11409465872989709,0.5510521,0.0188679245283018,0.9052777777777777,0.3916666666666667,0.0090449093429517,0.0121794336698031,0.3619,-0.5095009622943265,-0.3565400843881857
lstm_sl10_base_alpha_v3_rs_crowding_mini4__risk_adjusted_sort__pred_weight__cs40_v2086_v596_rp10_mt80,2026-02-03,600346,0.20189671495469946,0.11469752039515053,0.55476654,-0.0087370929308975,0.9041666666666667,0.9583333333333334,0.0334209341193889,0.0425077134283422,0.9239,0.3011210004506535,-0.1063432835820897
lstm_sl10_base_alpha_v3_rs_crowding_mini4__risk_adjusted_sort__pred_weight__cs40_v2086_v596_rp10_mt80,2026-02-03,601816,0.1984736386505851,0.154749594874211,0.5453607,0.0289256198347107,0.8665277777777778,0.5013888888888889,0.0095748757639221,0.0087617099936822,0.4453,-0.1839240552725141,-0.1285866099893731
lstm_sl10_base_alpha_v3_rs_crowding_mini4__risk_adjusted_sort__pred_weight__cs40_v2086_v596_rp10_mt80,2026-02-03,600905,0.1982791903430136,0.19891532734603906,0.5448264,0.0073529411764706,0.86125,0.2763888888888889,0.0046277183226098,0.001720476873373,0.4442,-0.1919669656012953,0.0606060606060609
lstm_sl10_base_alpha_v3_rs_crowding_mini4__risk_adjusted_sort__pred_weight__cs40_v2086_v596_rp10_mt80,2026-02-04,601328,0.19786755532046352,0.08948488204421373,0.5415801,0.0224550898203592,0.9433870967741935,0.24354838709677418,0.0080955876391076,0.0079008975891878,0.5323,-0.4266788733911357,-0.0803964757709249
lstm_sl10_base_alpha_v3_rs_crowding_mini4__risk_adjusted_sort__pred_weight__cs40_v2086_v596_rp10_mt80,2026-02-04,688256,0.21229999562673252,0.09608086956575781,0.5810829,0.0370186950600471,0.9146774193548387,0.853225806451613,0.032982008633378,0.0380197986870914,2.8051,0.3501246594726761,-0.3212204319506343
lstm_sl10_base_alpha_v3_rs_crowding_mini4__risk_adjusted_sort__pred_weight__cs40_v2086_v596_rp10_mt80,2026-02-04,600023,0.19711829074731688,0.08914602986686032,0.5395293,0.0020120724346076,0.9009677419354838,0.34516129032258064,0.0086350152452937,0.0071449133365472,0.5638,-0.2108835920332555,-0.0233837689133422
lstm_sl10_base_alpha_v3_rs_crowding_mini4__risk_adjusted_sort__pred_weight__cs40_v2086_v596_rp10_mt80,2026-02-04,600346,0.1970590305982217,0.15194521375027692,0.5393671,-0.0080482897384305,0.8153225806451613,0.8790322580645161,0.0333351543306134,0.0427397371111279,0.7488,0.0386007739573075,-0.2307692307692307
lstm_sl10_base_alpha_v3_rs_crowding_mini4__risk_adjusted_sort__pred_weight__cs40_v2086_v596_rp10_mt80,2026-02-04,601916,0.19565512770726537,0.08886933368821287,0.5355245,0.023890784982935,0.7917741935483871,0.1467741935483871,0.0058424209194014,0.0078799935487306,0.3976,-0.3814176364428402,-0.3169761273209548
lstm_sl10_base_alpha_v3_rs_crowding_mini4__risk_adjusted_sort__pred_weight__cs40_v2086_v596_rp10_mt80,2026-02-05,600023,0.20257287877919308,0.15759628741843204,0.5491393,0.008080808080808,0.9498148148148148,0.13148148148148148,0.0085426308969336,0.0069204822048411,0.3103,-0.5274355420861063,-0.4334277620396599
lstm_sl10_base_alpha_v3_rs_crowding_mini4__risk_adjusted_sort__pred_weight__cs40_v2086_v596_rp10_mt80,2026-02-05,600346,0.2073099634598108,0.1853564511533804,0.5619807,0.0855569673867005,0.915,0.85,0.0342369189597011,0.0429887418542279,0.601,-0.1704623878536921,0.0351704133430021
lstm_sl10_base_alpha_v3_rs_crowding_mini4__risk_adjusted_sort__pred_weight__cs40_v2086_v596_rp10_mt80,2026-02-05,688256,0.1988876885156001,0.158122205480974,0.5391494,0.035902354803127,0.8548148148148148,0.7111111111111111,0.0310223533588707,0.0396881235474924,1.8984,-0.1069000719786604,-0.4241285030758716
lstm_sl10_base_alpha_v3_rs_crowding_mini4__risk_adjusted_sort__pred_weight__cs40_v2086_v596_rp10_mt80,2026-02-05,600918,0.19518161898705763,0.11778721014565886,0.5291029,0.0,0.8357407407407408,0.1611111111111111,0.0081607832798928,0.0088924404463126,0.696,-0.3590038772897652,-0.3581780538302277
lstm_sl10_base_alpha_v3_rs_crowding_mini4__risk_adjusted_sort__pred_weight__cs40_v2086_v596_rp10_mt80,2026-02-05,601658,0.19604785025833849,0.11830995898499432,0.5314511,0.0038610038610039,0.8155555555555555,0.7333333333333334,0.0110281560488481,0.013274968322913,0.2877,0.0583042118815524,0.104847801578354
lstm_sl10_base_alpha_v3_rs_crowding_mini4__risk_adjusted_sort__pred_weight__cs40_v2086_v596_rp10_mt80,2026-02-06,600346,0.21239974157764518,0.1988018692546511,0.57418585,-0.0003998400639743,0.9032142857142857,0.9678571428571429,0.0342014659257924,0.0467558740660635,0.7838,0.0562061205514157,0.2240304709141274
lstm_sl10_base_alpha_v3_rs_crowding_mini4__risk_adjusted_sort__pred_weight__cs40_v2086_v596_rp10_mt80,2026-02-06,601298,0.1975656436616147,0.09822594217653487,0.53408444,-0.0135699373695197,0.8969642857142858,0.6732142857142857,0.0153602101500928,0.0163857200153056,0.5754,-0.2125898049948682,-0.1094619666048238
lstm_sl10_base_alpha_v3_rs_crowding_mini4__risk_adjusted_sort__pred_weight__cs40_v2086_v596_rp10_mt80,2026-02-06,003816,0.19697178642683374,0.09793068746866358,0.53247905,-0.0152671755725191,0.89125,0.3732142857142857,0.0094904035513263,0.0106571856045924,0.3321,-0.2896560574948665,-0.43646408839779
lstm_sl10_base_alpha_v3_rs_crowding_mini4__risk_adjusted_sort__pred_weight__cs40_v2086_v596_rp10_mt80,2026-02-06,300274,0.19680438156471297,0.10292995243301112,0.5320265,0.0551116574472443,0.8198214285714286,0.7303571428571429,0.0260914348303669,0.0217862398489435,2.627,-0.3441959972739324,-0.0487804878048782
lstm_sl10_base_alpha_v3_rs_crowding_mini4__risk_adjusted_sort__pred_weight__cs40_v2086_v596_rp10_mt80,2026-02-06,300498,0.19625844676919343,0.09757604904606498,0.53055066,-0.0145569620253165,0.7739285714285714,0.47500000000000003,0.0156233659808494,0.0132470031759797,0.5699,-0.44345703125,-0.3933823529411764
lstm_sl10_base_alpha_v3_rs_crowding_mini4__risk_adjusted_sort__pred_weight__cs40_v2086_v596_rp10_mt80,2026-02-09,003816,0.2021415972005865,0.1484155495123778,0.53288525,-0.0178571428571427,0.950735294117647,0.4926470588235294,0.0094220783832418,0.0107225899324595,0.2714,-0.3988393213130732,-0.3402328589909443
lstm_sl10_base_alpha_v3_rs_crowding_mini4__risk_adjusted_sort__pred_weight__cs40_v2086_v596_rp10_mt80,2026-02-09,601658,0.20099435782870748,0.12804083883159284,0.5298609,-0.0193050193050192,0.9097058823529411,0.6088235294117648,0.010827276806427,0.0126445836967329,0.1538,-0.4063380553518355,-0.3960149439601493
lstm_sl10_base_alpha_v3_rs_crowding_mini4__risk_adjusted_sort__pred_weight__cs40_v2086_v596_rp10_mt80,2026-02-09,601816,0.20044644751781684,0.10581908149732754,0.5284165,-0.0100401606425702,0.8957352941176471,0.4544117647058823,0.0107112714621092,0.0110829042853472,0.2358,-0.5416909620991255,-0.483204134366925
lstm_sl10_base_alpha_v3_rs_crowding_mini4__risk_adjusted_sort__pred_weight__cs40_v2086_v596_rp10_mt80,2026-02-09,600887,0.1982253699407421,0.09603006518958561,0.5225613,-0.0155382907880133,0.8672058823529412,0.4455882352941177,0.0102666600853523,0.007663957919636,0.6857,-0.4109916162726773,-0.2428376534788537
lstm_sl10_base_alpha_v3_rs_crowding_mini4__risk_adjusted_sort__pred_weight__cs40_v2086_v596_rp10_mt80,2026-02-09,601006,0.19819222751214716,0.09601400937604637,0.52247393,-0.0039370078740157,0.8510294117647058,0.31323529411764706,0.0092313138176581,0.0103977928855687,0.4506,-0.5286808083343792,-0.5042016806722689
lstm_sl10_base_alpha_v3_rs_crowding_mini4__risk_adjusted_sort__pred_weight__cs40_v2086_v596_rp10_mt80,2026-02-10,003816,0.20079616387337645,0.17737336961735475,0.5323766,0.0,0.9329999999999999,0.3842857142857143,0.0091964297101157,0.0101311880524708,0.1819,-0.5756642638859728,-0.4245142002989537
lstm_sl10_base_alpha_v3_rs_crowding_mini4__risk_adjusted_sort__pred_weight__cs40_v2086_v596_rp10_mt80,2026-02-10,300015,0.20377199273840274,0.11265222411260845,0.5402665,-0.0046728971962616,0.9208571428571428,0.7914285714285716,0.018738060068085,0.027866979770839,0.9736,-0.3482306631498614,-0.5971223021582733
lstm_sl10_base_alpha_v3_rs_crowding_mini4__risk_adjusted_sort__pred_weight__cs40_v2086_v596_rp10_mt80,2026-02-10,600958,0.19890688462169986,0.10996262363057127,0.5273675,-0.0154291224686596,0.9135714285714286,0.2928571428571428,0.0099479067078067,0.0059047130448275,0.4086,-0.6172042607807684,-0.6958174904942965
lstm_sl10_base_alpha_v3_rs_crowding_mini4__risk_adjusted_sort__pred_weight__cs40_v2086_v596_rp10_mt80,2026-02-10,601166,0.19872305225515352,0.1098609947232959,0.5268801,-0.0275277924827951,0.8651428571428571,0.49142857142857144,0.0117418009416671,0.0075265629044201,0.2451,-0.6039939896272599,-0.3759177679882524
lstm_sl10_base_alpha_v3_rs_crowding_mini4__risk_adjusted_sort__pred_weight__cs40_v2086_v596_rp10_mt80,2026-02-10,601658,0.1978019065113673,0.16660717626092567,0.52443784,-0.0326295585412667,0.823,0.6271428571428571,0.0107737872280485,0.0085483592870248,0.1715,-0.3184708313463676,-0.2388451443569553
lstm_sl10_base_alpha_v3_rs_crowding_mini4__risk_adjusted_sort__pred_weight__cs40_v2086_v596_rp10_mt80,2026-02-11,601939,0.2010243542906234,0.08040980964569883,0.5287565,-0.0291153415453528,0.9388235294117647,0.3176470588235294,0.0094476704319875,0.0065525997521168,0.5307,-0.5279603653926548,-0.453781512605042
lstm_sl10_base_alpha_v3_rs_crowding_mini4__risk_adjusted_sort__pred_weight__cs40_v2086_v596_rp10_mt80,2026-02-11,601138,0.2030663944580082,0.08122662982854736,0.5341277,0.037037037037037,0.9336764705882353,0.6632352941176469,0.0270721520716995,0.0133214652091507,0.3781,-0.5363296339444479,-0.3956043956043955
lstm_sl10_base_alpha_v3_rs_crowding_mini4__risk_adjusted_sort__pred_weight__cs40_v2086_v596_rp10_mt80,2026-02-11,000538,0.19915611488703813,0.07966251324221503,0.52384245,-0.0099807389248818,0.9130882352941176,0.28088235294117647,0.0086160042863583,0.0068218182637989,0.2664,-0.5139129641456072,-0.5307692307692309
lstm_sl10_base_alpha_v3_rs_crowding_mini4__risk_adjusted_sort__pred_weight__cs40_v2086_v596_rp10_mt80,2026-02-11,601018,0.19892213111785864,0.07956942299170125,0.523227,-0.0095923261390886,0.8705882352941177,0.411764705882353,0.0101258941831848,0.004561471745723,0.2263,-0.5087696448727967,-0.2124883504193848
lstm_sl10_base_alpha_v3_rs_crowding_mini4__risk_adjusted_sort__pred_weight__cs40_v2086_v596_rp10_mt80,2026-02-11,600674,0.19783100524647151,0.0791324689375389,0.520357,-0.0070821529745043,0.8552941176470588,0.27058823529411763,0.0094246214081725,0.0057804718122463,0.171,-0.624274916505537,-0.3425925925925929
lstm_sl10_base_alpha_v3_rs_crowding_mini4__risk_adjusted_sort__pred_weight__cs40_v2086_v596_rp10_mt80,2026-02-12,601059,0.20064041342114766,0.0958202629949956,0.52504027,-0.0111982082866743,0.9881944444444445,0.11805555555555555,0.004929073919218,0.0062406960391894,0.3817,-0.5112112791486856,-0.19277108433735
lstm_sl10_base_alpha_v3_rs_crowding_mini4__risk_adjusted_sort__pred_weight__cs40_v2086_v596_rp10_mt80,2026-02-12,601916,0.2000397344548575,0.09681381184097777,0.5234684,0.0,0.9188888888888889,0.5333333333333333,0.0075635365554911,0.0086672289904412,0.557,-0.0466083562980332,0.4649122807017547
lstm_sl10_base_alpha_v3_rs_crowding_mini4__risk_adjusted_sort__pred_weight__cs40_v2086_v596_rp10_mt80,2026-02-12,601939,0.19988137443549803,0.1374660953828753,0.523054,-0.0237825594563987,0.8852777777777777,0.5916666666666667,0.0100920259996153,0.0105025180334032,0.9869,-0.094121750624174,0.2978142076502732
lstm_sl10_base_alpha_v3_rs_crowding_mini4__risk_adjusted_sort__pred_weight__cs40_v2086_v596_rp10_mt80,2026-02-12,601018,0.19971923120139026,0.13694961886124,0.5226297,0.0024271844660194,0.8638888888888888,0.25,0.0104920647458425,0.0055234923916363,0.256,-0.412318358164413,-0.1533066132264529
lstm_sl10_base_alpha_v3_rs_crowding_mini4__risk_adjusted_sort__pred_weight__cs40_v2086_v596_rp10_mt80,2026-02-12,600016,0.19971924648710643,0.09538033937055185,0.52262974,-0.0127226463104325,0.8513888888888889,0.6527777777777779,0.0106565103482147,0.0114528672830271,0.9875,-0.0865446876214086,0.1621900826446283
lstm_sl10_base_alpha_v3_rs_crowding_mini4__risk_adjusted_sort__pred_weight__cs40_v2086_v596_rp10_mt80,2026-02-13,600016,0.20047385606676552,0.16216842881840127,0.53075033,-0.0202531645569619,0.9303333333333333,0.3633333333333334,0.0104592720683709,0.0114451842349513,0.639,-0.3899703099790929,-0.2841037204058623
lstm_sl10_base_alpha_v3_rs_crowding_mini4__risk_adjusted_sort__pred_weight__cs40_v2086_v596_rp10_mt80,2026-02-13,601138,0.2032146785313725,0.14461228082533345,0.5380066,-0.0254466702761235,0.9258333333333333,0.7416666666666667,0.0245527329066617,0.0147377997166891,0.3463,-0.4601125609965233,0.1551155115511551
lstm_sl10_base_alpha_v3_rs_crowding_mini4__risk_adjusted_sort__pred_weight__cs40_v2086_v596_rp10_mt80,2026-02-13,688111,0.19982692742990296,0.12699221724453064,0.5290376,-0.0421766940485079,0.8608333333333333,0.7250000000000001,0.0219101698757328,0.01682526371911,1.0973,-0.2071760931764978,-0.2555938037865749
lstm_sl10_base_alpha_v3_rs_crowding_mini4__risk_adjusted_sort__pred_weight__cs40_v2086_v596_rp10_mt80,2026-02-13,601018,0.19863039292892906,0.1761484313584321,0.5258698,0.0539215686274508,0.8468333333333333,0.5316666666666667,0.011435505592494,0.0097066318892323,0.3326,-0.2149365056885238,0.1522198731501058
lstm_sl10_base_alpha_v3_rs_crowding_mini4__risk_adjusted_sort__pred_weight__cs40_v2086_v596_rp10_mt80,2026-02-13,601059,0.1978541450430298,0.16066392086433917,0.5238147,-0.0084269662921348,0.8421666666666667,0.245,0.0049588912770118,0.0050269432359374,0.3666,-0.3443854284028113,0.0688836104513055
lstm_sl10_base_alpha_v3_rs_crowding_mini4__risk_adjusted_sort__pred_weight__cs40_v2086_v596_rp10_mt80,2026-02-24,688256,0.2068931168014792,0.12631304507429372,0.5485704,0.1083435957740349,0.9130645161290323,0.8693548387096776,0.0314123653303355,0.0295084001919385,1.9571,-0.1733439211992448,0.3216494845360824
lstm_sl10_base_alpha_v3_rs_crowding_mini4__risk_adjusted_sort__pred_weight__cs40_v2086_v596_rp10_mt80,2026-02-24,601018,0.1994096763663288,0.19025732205600387,0.5287283,0.0315533980582524,0.9027419354838709,0.6500000000000001,0.0115971335031439,0.0124448832909817,0.3738,-0.0280053046259457,0.1133400200601806
lstm_sl10_base_alpha_v3_rs_crowding_mini4__risk_adjusted_sort__pred_weight__cs40_v2086_v596_rp10_mt80,2026-02-24,601916,0.1977903656240011,0.13385211999812865,0.52443475,0.01010101010101,0.8769354838709678,0.2629032258064516,0.0074755446399058,0.0085325458815765,0.3866,-0.2514135233521803,-0.3668528864059589
lstm_sl10_base_alpha_v3_rs_crowding_mini4__risk_adjusted_sort__pred_weight__cs40_v2086_v596_rp10_mt80,2026-02-24,688111,0.19884794972529216,0.17057564002438858,0.5272389,-0.0057629072171937,0.8440322580645161,0.914516129032258,0.0231668943453547,0.0254983098798383,2.1216,0.4760291365480007,0.777087646652864
lstm_sl10_base_alpha_v3_rs_crowding_mini4__risk_adjusted_sort__pred_weight__cs40_v2086_v596_rp10_mt80,2026-02-24,601009,0.19705889148289885,0.11952422838816365,0.52249527,0.0071428571428569,0.8193548387096774,0.5161290322580645,0.0122868626703375,0.0085069375806091,0.4216,-0.1587181226802888,-0.1019108280254776
lstm_sl10_base_alpha_v3_rs_crowding_mini4__risk_adjusted_sort__pred_weight__cs40_v2086_v596_rp10_mt80,2026-02-25,601018,0.20113998237787586,0.19817806849633388,0.5299023,0.0096852300242129,0.9113235294117648,0.5926470588235294,0.0114607049038397,0.0121348556934691,0.3595,-0.0210494785284427,0.1900097943192946
lstm_sl10_base_alpha_v3_rs_crowding_mini4__risk_adjusted_sort__pred_weight__cs40_v2086_v596_rp10_mt80,2026-02-25,601888,0.20307440995781545,0.14780401686917613,0.53499854,-0.0758433883279979,0.9088235294117647,0.9117647058823529,0.0310081815669315,0.0464656505108404,3.4944,0.4227202032457433,0.0789183222958056
lstm_sl10_base_alpha_v3_rs_crowding_mini4__risk_adjusted_sort__pred_weight__cs40_v2086_v596_rp10_mt80,2026-02-25,601916,0.19790518798875284,0.1804719808844675,0.52138025,0.0067340067340067,0.879264705882353,0.32499999999999996,0.0073275051182618,0.0064232588148906,0.5633,0.0686776702712956,0.1821366024518391
lstm_sl10_base_alpha_v3_rs_crowding_mini4__risk_adjusted_sort__pred_weight__cs40_v2086_v596_rp10_mt80,2026-02-25,600015,0.2006416212326923,0.1460333558299938,0.52858937,0.019548872180451,0.8777941176470588,0.6338235294117647,0.0105580250393621,0.0131114997858654,0.4944,0.2340563612310608,0.2091988130563797
lstm_sl10_base_alpha_v3_rs_crowding_mini4__risk_adjusted_sort__pred_weight__cs40_v2086_v596_rp10_mt80,2026-02-25,688256,0.19723879844286374,0.17793506504975395,0.51962465,0.0245171894261059,0.8179411764705882,0.6441176470588236,0.0303234614432264,0.0291876557246746,1.377,-0.2991046660185379,-0.2678011643528885
lstm_sl10_base_alpha_v3_rs_crowding_mini4__risk_adjusted_sort__pred_weight__cs40_v2086_v596_rp10_mt80,2026-02-26,600015,0.20041725345261158,0.18885775410111905,0.5354365,0.0105105105105106,0.9269999999999999,0.44428571428571434,0.0102574163137514,0.0131114997858654,0.2724,-0.3042323312303646,-0.1477272727272727
lstm_sl10_base_alpha_v3_rs_crowding_mini4__risk_adjusted_sort__pred_weight__cs40_v2086_v596_rp10_mt80,2026-02-26,601888,0.20044534514018164,0.18925623537403424,0.53551155,-0.029794692038057,0.9181428571428571,0.8185714285714286,0.031236330742543,0.0385635373933456,2.6613,0.0289671278002459,-0.2385147891755821
lstm_sl10_base_alpha_v3_rs_crowding_mini4__risk_adjusted_sort__pred_weight__cs40_v2086_v596_rp10_mt80,2026-02-26,601018,0.19962260118463976,0.199315560398605,0.5333135,0.0290556900726391,0.8644285714285714,0.49857142857142855,0.0114607049038397,0.0120412477691318,0.2486,-0.2239253270065245,-0.1723800195886387
lstm_sl10_base_alpha_v3_rs_crowding_mini4__risk_adjusted_sort__pred_weight__cs40_v2086_v596_rp10_mt80,2026-02-26,601100,0.20011833244403773,0.15758243790111787,0.5346379,-0.072280701754386,0.8575714285714285,0.8528571428571429,0.0273638757659093,0.0188808814923724,0.6244,0.030244031217516,-0.0126811594202898
lstm_sl10_base_alpha_v3_rs_crowding_mini4__risk_adjusted_sort__pred_weight__cs40_v2086_v596_rp10_mt80,2026-02-26,002736,0.19939646777852932,0.1570168572929179,0.53270936,-0.0194017784963622,0.8518571428571429,0.3385714285714285,0.0112142918213596,0.0078080938755041,0.1953,-0.2933386402286789,-0.4129287598944591
lstm_sl10_base_alpha_v3_rs_crowding_mini4__risk_adjusted_sort__pred_weight__cs40_v2086_v596_rp10_mt80,2026-02-27,601100,0.2020108981049808,0.18506486821339616,0.53852606,-0.0468468468468468,0.9291666666666667,0.7083333333333334,0.027027179660433,0.0184587848327335,0.4645,-0.1613858347325281,-0.2032332563510392
lstm_sl10_base_alpha_v3_rs_crowding_mini4__risk_adjusted_sort__pred_weight__cs40_v2086_v596_rp10_mt80,2026-02-27,600015,0.20031775733124627,0.19594665024348573,0.53401244,0.0239520958083831,0.9155555555555556,0.5666666666666667,0.0099032121644627,0.0117072061645043,0.3535,-0.0664201769444079,-0.0895295902883157
lstm_sl10_base_alpha_v3_rs_crowding_mini4__risk_adjusted_sort__pred_weight__cs40_v2086_v596_rp10_mt80,2026-02-27,001965,0.1997434364424212,0.12355672573785342,0.5324814,-0.0082901554404145,0.8876388888888889,0.5680555555555555,0.0093457375607294,0.0070989094451933,0.2009,0.4066657330906036,0.1792452830188677
lstm_sl10_base_alpha_v3_rs_crowding_mini4__risk_adjusted_sort__pred_weight__cs40_v2086_v596_rp10_mt80,2026-02-27,601633,0.1992765531422734,0.12326792239645014,0.53123677,-0.021078431372549,0.8438888888888889,0.7277777777777777,0.0111054062407979,0.0121841437628991,0.3598,0.8350589075330237,0.0906515580736546
lstm_sl10_base_alpha_v3_rs_crowding_mini4__risk_adjusted_sort__pred_weight__cs40_v2086_v596_rp10_mt80,2026-02-27,601009,0.19865135497907843,0.12551854477761018,0.5295701,0.0053523639607492,0.8394444444444444,0.4944444444444444,0.012156726501858,0.0093517344044421,0.3142,-0.23996129656507,-0.2014302741358761
